NGUYEN	437,645	422,109	96.45%	1	38
LEE	693,023	292,594	42.22%	2	21
KIM	262,352	247,844	94.47%	3	77
PATEL	229,973	217,968	94.78%	4	95
TRAN	188,498	180,958	96.00%	5	132
CHEN	169,580	163,000	96.12%	6	150
LI	111,786	108,186	96.78%	7	273
LE	110,967	106,073	95.59%	8	277
WANG	109,883	104,653	95.24%	9	282
YANG	106,033	102,651	96.81%	10	290
SINGH	116,749	96,633	82.77%	11	260
WONG	111,371	96,325	86.49%	12	274
PHAM	84,320	81,225	96.33%	13	370
PARK	106,696	77,867	72.98%	14	289
LIN	79,508	76,208	95.85%	15	402
LIU	78,370	74,937	95.62%	16	411
CHANG	81,939	72,795	88.84%	17	391
HUANG	72,328	70,259	97.14%	18	456
WU	71,721	69,118	96.37%	19	461
ZHANG	70,125	68,765	98.06%	20	472
CHAN	76,664	68,476	89.32%	21	425
KHAN	76,171	61,889	81.25%	22	427
SHAH	58,287	53,472	91.74%	23	573
HUYNH	54,996	53,170	96.68%	24	620
YU	52,035	50,006	96.10%	25	658
LAM	55,554	48,882	87.99%	26	611
CHOI	50,786	48,800	96.09%	27	674
KAUR	48,753	46,847	96.09%	28	711
VANG	48,036	46,451	96.70%	29	726
HO	49,817	46,360	93.06%	30	691
CHUNG	43,110	38,803	90.01%	31	805
TRUONG	38,267	37,069	96.87%	32	903
XIONG	37,499	36,775	98.07%	33	929
PHAN	37,836	36,258	95.83%	34	918
VU	36,179	34,953	96.61%	35	962
VO	36,236	34,812	96.07%	36	960
LIM	37,021	34,148	92.24%	37	936
LU	35,628	34,110	95.74%	38	978
TANG	34,961	32,622	93.31%	39	999
CHO	33,490	31,856	95.12%	40	1,038
NGO	33,005	31,837	96.46%	41	1,062
CHENG	32,982	31,211	94.63%	42	1,063
KANG	32,221	30,243	93.86%	43	1,084
TAN	32,120	29,669	92.37%	44	1,090
NG	31,210	29,088	93.20%	45	1,125
DANG	30,389	28,870	95.00%	46	1,155
DO	30,301	28,719	94.78%	47	1,159
HOANG	29,798	28,621	96.05%	48	1,185
LY	29,891	28,274	94.59%	49	1,176
HONG	31,670	27,908	88.12%	50	1,106
HAN	29,847	27,659	92.67%	51	1,182
BUI	28,919	27,603	95.45%	52	1,222
AHMED	48,319	27,320	56.54%	53	720
MA	28,452	26,605	93.51%	54	1,240
CHU	28,508	26,267	92.14%	55	1,238
SHARMA	28,559	25,886	90.64%	56	1,236
ALI	60,002	25,747	42.91%	57	559
XU	25,622	25,174	98.25%	58	1,381
ZHENG	25,242	24,742	98.02%	59	1,409
DUONG	24,870	24,047	96.69%	60	1,431
SONG	25,110	23,892	95.15%	61	1,415
LIANG	24,140	23,348	96.72%	62	1,480
ZHOU	23,437	23,015	98.20%	63	1,532
KUMAR	25,986	22,935	88.26%	64	1,357
SUN	24,058	22,725	94.46%	65	1,484
LAU	29,792	22,663	76.07%	66	1,187
THAO	23,404	22,657	96.81%	67	1,536
ZHAO	22,301	21,880	98.11%	68	1,613
CHIN	27,487	20,912	76.08%	69	1,279
ZHU	21,265	20,889	98.23%	70	1,694
SHIN	21,735	20,644	94.98%	71	1,656
LEUNG	20,496	19,336	94.34%	72	1,747
JIANG	19,409	18,998	97.88%	73	1,849
HU	19,999	18,985	94.93%	74	1,797
THOMAS	756,142	18,450	2.44%	75	16
REYES	327,904	18,297	5.58%	76	60
SANTOS	137,232	18,279	13.32%	77	206
GUPTA	19,057	17,872	93.78%	78	1,886
CHEUNG	18,765	17,851	95.13%	79	1,920
LAI	19,157	17,571	91.72%	80	1,873
DESAI	18,638	17,473	93.75%	81	1,938
OH	18,285	17,459	95.48%	82	1,978
CRUZ	334,201	17,345	5.19%	83	57
CAO	18,138	17,271	95.22%	84	1,989
YEE	20,591	17,202	83.54%	85	1,740
HWANG	17,900	17,191	96.04%	86	2,017
YI	17,934	16,939	94.45%	87	2,011
HA	18,156	16,872	92.93%	88	1,987
DINH	17,081	16,483	96.50%	89	2,119
GARCIA	1,166,120	16,442	1.41%	90	6
JUNG	24,026	16,280	67.76%	91	1,486
LO	17,687	16,060	90.80%	92	2,036
HSU	16,907	15,855	93.78%	93	2,147
CHAU	16,667	15,740	94.44%	94	2,181
YOON	15,936	15,281	95.89%	95	2,287
LUU	15,702	15,149	96.48%	96	2,324
MAI	17,445	14,910	85.47%	97	2,075
CHOW	17,059	14,848	87.04%	98	2,122
TRINH	15,392	14,766	95.93%	99	2,368
HE	15,363	14,736	95.92%	100	2,373
YOUNG	484,447	14,679	3.03%	101	32
FONG	17,889	14,510	81.11%	102	2,018
RAHMAN	18,097	14,374	79.43%	103	1,994
HER	15,089	14,307	94.82%	104	2,404
LUONG	14,464	13,977	96.63%	105	2,499
MOUA	14,013	13,539	96.62%	106	2,579
MEHTA	14,342	13,324	92.90%	107	2,526
DOAN	19,760	13,103	66.31%	108	1,814
HUSSAIN	16,909	13,006	76.92%	109	2,146
RAMOS	263,464	12,883	4.89%	110	76
KWON	13,235	12,745	96.30%	111	2,721
YOO	13,225	12,629	95.49%	112	2,724
KO	13,312	12,464	93.63%	113	2,708
KONG	14,165	12,452	87.91%	114	2,551
SMITH	2,442,977	12,215	0.50%	115	1
CHIU	13,174	12,135	92.11%	116	2,735
SU	12,973	12,112	93.36%	117	2,779
DELACRUZ	72,109	12,093	16.77%	118	458
SHEN	12,839	12,039	93.77%	119	2,806
TAM	13,327	12,016	90.16%	120	2,703
CHONG	15,146	11,949	78.89%	121	2,392
MENDOZA	242,771	11,920	4.91%	122	88
PAN	12,664	11,907	94.02%	123	2,847
GAO	12,172	11,854	97.39%	124	2,948
BEGUM	12,255	11,838	96.60%	125	2,924
GUO	12,048	11,779	97.77%	126	2,975
DONG	12,466	11,694	93.81%	127	2,879
VUE	11,717	11,463	97.83%	128	3,061
WOO	13,003	11,294	86.86%	129	2,775
CHOWDHURY	11,961	11,192	93.57%	130	2,997
MATHEW	13,808	11,149	80.74%	131	2,612
THAI	11,644	11,133	95.61%	132	3,089
LOR	11,479	11,088	96.59%	133	3,149
BAUTISTA	60,264	10,986	18.23%	134	558
JAIN	11,626	10,853	93.35%	135	3,094
TONG	13,196	10,723	81.26%	136	2,730
YAN	11,354	10,680	94.06%	137	3,182
CHUN	13,141	10,644	81.00%	138	2,740
DAO	11,211	10,580	94.37%	139	3,220
JOHNSON	1,932,812	10,437	0.54%	140	2
TSAI	10,968	10,372	94.57%	141	3,291
FENG	10,687	10,302	96.40%	142	3,351
GILL	74,948	10,066	13.43%	143	435
JIN	10,432	10,046	96.30%	144	3,421
PAK	10,846	9,980	92.02%	145	3,308
MALIK	14,925	9,940	66.60%	146	2,429
AHN	10,567	9,914	93.82%	147	3,379
JOSEPH	100,959	9,854	9.76%	148	313
GEORGE	128,625	9,801	7.62%	149	235
LUO	10,005	9,762	97.57%	150	3,564
SHI	10,055	9,739	96.86%	151	3,551
FERNANDEZ	180,842	9,729	5.38%	152	142
FANG	10,316	9,674	93.78%	153	3,464
AHMAD	16,291	9,577	58.79%	154	2,238
QUACH	9,894	9,550	96.52%	155	3,598
YE	9,839	9,546	97.02%	156	3,609
XIE	9,716	9,540	98.19%	157	3,662
JOSHI	10,089	9,415	93.32%	158	3,542
ISLAM	10,670	9,366	87.78%	159	3,354
CHOU	9,834	9,255	94.11%	160	3,610
RAO	11,672	9,168	78.55%	161	3,075
CHA	9,732	9,101	93.52%	162	3,654
VUONG	9,407	9,090	96.63%	163	3,766
WEI	9,578	9,047	94.46%	164	3,707
FLORES	433,969	9,027	2.08%	165	40
CHAO	10,398	9,015	86.70%	166	3,432
LOPEZ	874,523	8,920	1.02%	167	12
DEGUZMAN	10,341	8,823	85.32%	168	3,454
SYED	9,722	8,721	89.70%	169	3,657
MOON	45,528	8,696	19.10%	170	758
TU	9,230	8,679	94.03%	171	3,835
JANG	9,125	8,569	93.91%	172	3,890
TO	8,934	8,493	95.06%	173	3,979
ONG	9,584	8,375	87.39%	174	3,704
SON	10,094	8,358	82.80%	175	3,541
YUN	8,933	8,348	93.45%	176	3,981
REDDY	12,614	8,340	66.12%	177	2,858
YUAN	8,588	8,281	96.43%	178	4,129
ENG	10,682	8,266	77.38%	179	3,352
GONZALES	214,758	8,161	3.80%	180	111
LIAO	8,482	8,135	95.91%	181	4,177
KWAN	8,965	8,111	90.47%	182	3,966
CAI	8,457	8,104	95.83%	183	4,191
PENG	10,575	8,041	76.04%	184	3,374
ABRAHAM	31,303	8,026	25.64%	185	1,120
FAN	8,441	8,000	94.78%	186	4,197
CHIANG	8,841	7,997	90.45%	187	4,022
RIVERA	391,114	7,979	2.04%	188	46
PEREZ	681,645	7,975	1.17%	189	22
AMIN	11,137	7,899	70.93%	190	3,243
FU	8,370	7,873	94.06%	191	4,235
FUNG	8,837	7,738	87.56%	192	4,024
AQUINO	25,783	7,717	29.93%	193	1,368
SIDDIQUI	8,502	7,691	90.46%	194	4,169
DENG	8,898	7,656	86.04%	195	3,993
VILLANUEVA	61,883	7,605	12.29%	196	539
AN	8,160	7,588	92.99%	197	4,353
TA	8,017	7,559	94.29%	198	4,434
WILLIAMS	1,625,252	7,476	0.46%	199	3
LEONG	9,094	7,453	81.96%	200	3,902
YEUNG	7,782	7,446	95.68%	201	4,556
ZENG	7,605	7,413	97.48%	202	4,662
CHOE	7,776	7,335	94.33%	203	4,560
BROWN	1,437,026	7,329	0.51%	204	4
DELEON	87,414	7,264	8.31%	205	359
VAN	10,798	7,259	67.23%	206	3,320
MEI	7,867	7,216	91.72%	207	4,510
DU	7,566	7,166	94.71%	208	4,690
JOHN	33,543	7,135	21.27%	209	1,034
PARIKH	7,506	7,105	94.66%	210	4,724
LEI	7,504	7,071	94.23%	211	4,726
CASTILLO	230,420	7,005	3.04%	212	93
GUAN	7,247	6,967	96.14%	213	4,867
PHUNG	7,155	6,930	96.86%	214	4,915
SUNG	7,360	6,929	94.14%	215	4,801
SO	7,456	6,904	92.60%	216	4,749
CASTRO	184,134	6,887	3.74%	217	138
KUO	7,426	6,878	92.62%	218	4,767
PRASAD	8,638	6,821	78.97%	219	4,107
SUH	7,089	6,745	95.15%	220	4,961
SEO	7,033	6,728	95.66%	221	4,998
YUEN	7,688	6,698	87.12%	222	4,614
VARGHESE	7,013	6,689	95.38%	223	5,010
HUA	6,939	6,685	96.34%	224	5,052
YAO	7,192	6,682	92.91%	225	4,898
LOUIE	8,485	6,672	78.63%	226	4,175
SANDHU	7,190	6,651	92.50%	227	4,900
PANG	7,642	6,646	86.97%	228	4,645
ALAM	7,932	6,577	82.92%	229	4,476
TSANG	6,860	6,475	94.39%	230	5,103
YEH	6,958	6,457	92.80%	231	5,046
MIN	6,982	6,434	92.15%	232	5,026
GANDHI	6,721	6,383	94.97%	233	5,199
MARTINEZ	1,060,159	6,361	0.60%	234	10
MARTIN	702,625	6,324	0.90%	235	20
NAIR	7,513	6,324	84.17%	236	4,719
JONES	1,425,470	6,272	0.44%	237	5
MILLER	1,161,437	6,272	0.54%	238	7
TORRES	437,813	6,261	1.43%	239	37
HUNG	7,137	6,261	87.73%	240	4,932
HERNANDEZ	1,043,281	6,260	0.60%	241	11
RODRIGUEZ	1,094,924	6,241	0.57%	242	9
DAS	7,289	6,240	85.61%	243	4,837
PERSAUD	11,956	6,197	51.83%	244	3,000
TANAKA	7,994	6,160	77.06%	245	4,439
YIN	6,548	6,153	93.97%	246	5,324
SAECHAO	6,419	6,125	95.42%	247	5,425
CHI	7,273	6,117	84.11%	248	4,843
DAVID	44,040	6,100	13.85%	249	782
DOMINGO	11,012	6,098	55.38%	250	3,283
QURESHI	6,966	6,063	87.04%	251	5,035
NAKAMURA	7,658	6,040	78.87%	252	4,633
YAMAMOTO	7,547	6,024	79.82%	253	4,702
XIAO	6,123	5,995	97.91%	254	5,669
HSIEH	6,382	5,982	93.73%	255	5,453
MOY	8,781	5,962	67.90%	256	4,046
RANA	7,145	5,946	83.22%	257	4,923
HANG	6,863	5,946	86.64%	258	5,101
AU	7,148	5,938	83.07%	259	4,919
DIEP	6,168	5,931	96.16%	260	5,636
LA	6,655	5,917	88.91%	261	5,242
BAE	6,203	5,888	94.92%	262	5,606
SANCHEZ	612,752	5,882	0.96%	263	26
TSE	6,227	5,823	93.51%	264	5,582
NAM	6,244	5,799	92.87%	265	5,569
YIP	6,208	5,789	93.25%	266	5,602
KING	465,422	5,725	1.23%	267	34
LONG	229,374	5,688	2.48%	268	97
KAO	6,018	5,602	93.09%	269	5,758
WEN	5,870	5,579	95.04%	270	5,878
HOSSAIN	5,978	5,573	93.23%	271	5,788
YIM	6,144	5,562	90.53%	272	5,650
JACOB	24,688	5,562	22.53%	273	1,444
LUI	6,156	5,552	90.19%	274	5,641
CHAUDHRY	6,084	5,510	90.57%	275	5,697
SANTIAGO	122,212	5,500	4.50%	276	248
DAVIS	1,116,357	5,470	0.49%	277	8
THACH	6,229	5,451	87.51%	278	5,578
TOM	10,350	5,437	52.53%	279	3,452
SHAIKH	6,063	5,433	89.61%	280	5,722
GONG	6,079	5,403	88.88%	281	5,702
HUI	5,769	5,394	93.50%	282	5,966
KWONG	5,637	5,352	94.94%	283	6,084
QUAN	6,451	5,335	82.70%	284	5,397
LEW	7,410	5,298	71.50%	285	4,775
MAO	5,565	5,274	94.77%	286	6,153
WAN	5,831	5,246	89.97%	287	5,911
GU	5,532	5,243	94.78%	288	6,183
JEONG	5,404	5,231	96.80%	289	6,315
KWOK	5,458	5,221	95.66%	290	6,257
SATO	7,095	5,218	73.54%	291	4,956
SHRESTHA	5,535	5,212	94.16%	292	6,180
RAMIREZ	557,423	5,184	0.93%	293	28
MOHAMMED	15,132	5,183	34.25%	294	2,395
ROY	53,159	5,151	9.69%	295	640
AGARWAL	5,436	5,129	94.35%	296	6,285
DIZON	5,924	5,094	85.99%	297	5,837
IQBAL	5,764	5,092	88.34%	298	5,970
VERMA	5,506	5,076	92.19%	299	6,211
UDDIN	5,639	5,042	89.41%	300	6,079
LING	9,127	5,038	55.20%	301	3,887
SORIANO	25,916	5,038	19.44%	302	1,361
TOLENTINO	11,371	5,033	44.26%	303	3,180
LUM	8,060	4,992	61.94%	304	4,406
BHATT	5,349	4,988	93.25%	305	6,363
CHING	7,417	4,978	67.12%	306	4,772
LAO	5,897	4,957	84.06%	307	5,856
YOU	5,234	4,948	94.54%	308	6,486
WATANABE	6,204	4,926	79.40%	309	5,605
DHILLON	5,371	4,914	91.49%	310	6,346
PAUL	78,256	4,891	6.25%	311	415
ZHONG	4,991	4,890	97.98%	312	6,754
DELROSARIO	8,402	4,865	57.90%	313	4,218
WILSON	801,882	4,811	0.60%	314	14
ANDERSON	784,404	4,785	0.61%	315	15
RAI	5,295	4,765	89.99%	316	6,418
TSENG	4,994	4,736	94.83%	317	6,751
GEE	23,241	4,695	20.20%	318	1,547
ARORA	5,043	4,661	92.43%	319	6,697
SHIH	4,935	4,644	94.10%	320	6,833
IM	4,887	4,638	94.90%	321	6,880
DING	4,973	4,633	93.16%	322	6,784
SHEIKH	6,462	4,628	71.62%	323	5,384
FRANCISCO	24,095	4,578	19.00%	324	1,481
LAW	32,122	4,568	14.22%	325	1,089
MAK	5,170	4,525	87.52%	326	6,555
YEN	5,066	4,515	89.12%	327	6,671
PASCUAL	11,959	4,475	37.42%	328	2,998
KOO	4,923	4,466	90.72%	329	6,843
REN	5,247	4,434	84.51%	330	6,470
DAI	4,723	4,431	93.82%	331	7,091
HASAN	9,374	4,426	47.22%	332	3,775
SUZUKI	5,274	4,394	83.31%	333	6,438
ZOU	4,493	4,389	97.69%	334	7,408
NI	4,624	4,388	94.90%	335	7,217
QIU	4,424	4,345	98.21%	336	7,520
KULKARNI	4,506	4,320	95.87%	337	7,390
SIDHU	4,795	4,303	89.74%	338	6,987
SIM	6,047	4,298	71.08%	339	5,732
SHIM	4,958	4,296	86.65%	340	6,801
HOU	4,500	4,257	94.60%	341	7,395
WENG	4,680	4,216	90.09%	342	7,145
TAYLOR	751,209	4,207	0.56%	343	17
SIU	4,877	4,197	86.06%	344	6,892
VALDEZ	124,995	4,187	3.35%	345	244
HASSAN	21,801	4,186	19.20%	346	1,652
KU	4,888	4,170	85.31%	347	6,877
POON	4,564	4,167	91.30%	348	7,308
MERCADO	60,761	4,162	6.85%	349	555
UNG	4,519	4,148	91.79%	350	7,369
DIAZ	347,636	4,137	1.19%	351	55
SRINIVASAN	4,317	4,135	95.78%	352	7,691
CORPUZ	5,176	4,132	79.83%	353	6,542
MISHRA	4,372	4,122	94.28%	354	7,601
SOK	4,569	4,121	90.19%	355	7,295
VONG	4,443	4,115	92.62%	356	7,496
BHATIA	4,515	4,115	91.14%	357	7,381
GUTIERREZ	293,218	4,105	1.40%	358	67
JEON	4,253	4,090	96.17%	359	7,791
TON	4,667	4,070	87.21%	360	7,167
MAHMOOD	5,384	4,068	75.56%	361	6,335
SAM	12,053	4,065	33.73%	362	2,974
NAVARRO	99,807	4,032	4.04%	363	315
TAKAHASHI	4,928	4,019	81.55%	364	6,839
OU	4,196	4,012	95.61%	365	7,891
TUNG	4,411	3,980	90.23%	366	7,536
WON	4,309	3,968	92.09%	367	7,702
TAO	4,286	3,967	92.56%	368	7,747
CHOY	5,254	3,952	75.22%	369	6,467
JOSE	10,697	3,949	36.92%	370	3,348
MIRANDA	93,628	3,942	4.21%	371	330
KWAK	4,652	3,940	84.69%	372	7,184
GREWAL	4,270	3,934	92.13%	373	7,772
CHUA	4,309	3,927	91.13%	374	7,702
HOM	4,863	3,927	80.75%	375	6,906
JI	4,039	3,914	96.91%	376	8,216
AKHTAR	4,260	3,826	89.81%	377	7,785
JUN	4,059	3,823	94.19%	378	8,164
YAP	4,590	3,794	82.66%	379	7,261
TAI	4,401	3,793	86.18%	380	7,553
THOMPSON	664,644	3,788	0.57%	381	23
GO	4,370	3,785	86.61%	382	7,607
DAVE	5,218	3,772	72.29%	383	6,504
CHEA	4,492	3,754	83.57%	384	7,411
OCAMPO	25,720	3,745	14.56%	385	1,374
SHETH	4,038	3,739	92.60%	386	8,217
RHEE	4,071	3,735	91.75%	387	8,141
IYER	3,956	3,726	94.19%	388	8,369
SINHA	4,066	3,709	91.22%	389	8,155
KUANG	3,767	3,706	98.38%	390	8,712
GOMEZ	365,655	3,693	1.01%	391	51
MORALES	311,777	3,679	1.18%	392	63
SAMUEL	23,125	3,644	15.76%	393	1,558
MEDINA	188,497	3,619	1.92%	394	133
ZHEN	3,661	3,611	98.63%	395	8,941
KRISHNAN	3,810	3,608	94.70%	396	8,631
IGNACIO	6,219	3,602	57.92%	397	5,594
XIA	3,693	3,596	97.37%	398	8,867
ITO	4,344	3,586	82.55%	399	7,644
SHAO	3,741	3,567	95.35%	400	8,765
MATSUMOTO	4,486	3,554	79.22%	401	7,421
MIRZA	4,831	3,542	73.32%	402	6,940
CHEW	8,905	3,535	39.70%	403	3,988
MANUEL	27,529	3,535	12.84%	404	1,277
YAMADA	4,467	3,520	78.80%	405	7,461
FERNANDO	5,596	3,514	62.79%	406	6,123
ANAND	3,798	3,497	92.07%	407	8,651
MOORE	724,374	3,477	0.48%	408	18
VELASCO	33,078	3,476	10.51%	409	1,061
MUI	3,752	3,476	92.64%	410	8,743
LOW	12,032	3,468	28.82%	411	2,979
TRIVEDI	3,671	3,463	94.33%	412	8,917
CHIEN	3,756	3,455	91.99%	413	8,732
MISTRY	3,710	3,452	93.05%	414	8,832
BHATTI	3,919	3,437	87.70%	415	8,430
LIEU	3,612	3,435	95.10%	416	9,045
MO	3,983	3,417	85.79%	417	8,320
SAINI	3,711	3,410	91.89%	418	8,828
TIAN	3,547	3,406	96.02%	419	9,195
DEJESUS	44,038	3,400	7.72%	420	783
JAVIER	9,226	3,385	36.69%	421	3,838
JIMENEZ	227,118	3,384	1.49%	422	100
KAPOOR	3,794	3,338	87.98%	423	8,663
SIN	3,725	3,337	89.58%	424	8,797
CUI	3,520	3,336	94.77%	425	9,251
GHOSH	3,666	3,333	90.92%	426	8,928
UY	3,633	3,318	91.33%	427	9,003
PANDYA	3,512	3,316	94.42%	428	9,271
GURUNG	3,450	3,297	95.57%	429	9,427
CHON	3,643	3,289	90.28%	430	8,981
SUBRAMANIAN	3,443	3,282	95.32%	431	9,449
DEVERA	4,386	3,279	74.76%	432	7,575
ENRIQUEZ	41,271	3,269	7.92%	433	837
MENG	5,729	3,266	57.01%	434	6,001
CHOUDHURY	3,530	3,264	92.46%	435	9,226
TRIEU	3,451	3,251	94.20%	436	9,426
SILVA	161,633	3,249	2.01%	437	163
LAL	3,997	3,247	81.24%	438	8,288
WHITE	660,491	3,236	0.49%	439	24
BHAKTA	3,359	3,221	95.89%	440	9,664
RASHID	6,504	3,221	49.52%	441	5,353
YOSHIDA	4,113	3,212	78.09%	442	8,046
FERRER	17,057	3,212	18.83%	443	2,123
PINEDA	60,820	3,211	5.28%	444	553
SY	4,457	3,204	71.89%	445	7,473
GONZALEZ	841,025	3,196	0.38%	446	13
TENG	3,433	3,192	92.98%	447	9,473
KOH	3,595	3,187	88.65%	448	9,090
ANGELES	14,128	3,184	22.54%	449	2,559
XUE	3,248	3,179	97.88%	450	9,932
KHANG	3,411	3,173	93.02%	451	9,529
AGRAWAL	3,344	3,171	94.83%	452	9,701
YUNG	4,218	3,169	75.13%	453	7,849
PASCUA	4,321	3,167	73.29%	454	7,684
KATO	5,257	3,167	60.24%	455	6,461
JAMES	249,379	3,167	1.27%	456	85
ANTONIO	15,461	3,166	20.48%	457	2,358
HENG	3,819	3,158	82.69%	458	8,611
KIMURA	4,059	3,156	77.75%	459	8,164
ZAMAN	3,694	3,122	84.52%	460	8,865
KOBAYASHI	3,845	3,115	81.01%	461	8,568
QIAN	3,173	3,111	98.05%	462	10,167
PAREKH	3,316	3,110	93.79%	463	9,770
BANG	4,676	3,094	66.17%	464	7,153
CHANDRA	3,645	3,077	84.42%	465	8,977
SONI	3,437	3,067	89.23%	466	9,466
SRIVASTAVA	3,251	3,064	94.25%	467	9,928
ESPIRITU	4,438	3,064	69.04%	468	7,502
AGUILAR	186,512	3,059	1.64%	469	134
JO	3,588	3,058	85.23%	470	9,108
MARQUEZ	107,533	3,043	2.83%	471	287
CLARK	562,679	3,038	0.54%	472	27
VYAS	3,259	3,031	93.00%	473	9,912
KARIM	5,729	3,025	52.80%	474	6,001
SULTANA	3,471	3,024	87.12%	475	9,373
MANN	83,510	3,015	3.61%	476	378
CHAI	3,619	3,014	83.28%	477	9,030
SHUKLA	3,176	3,004	94.58%	478	10,159
SALVADOR	13,021	2,997	23.02%	479	2,772
RIZVI	3,322	2,993	90.10%	480	9,756
TSUI	3,168	2,993	94.48%	481	10,180
THAKKAR	3,157	2,990	94.71%	482	10,204
MOHAN	6,188	2,978	48.13%	483	5,616
LEWIS	531,781	2,978	0.56%	484	29
CORTEZ	101,694	2,969	2.92%	485	310
DHALIWAL	3,187	2,955	92.72%	486	10,107
AGUSTIN	6,375	2,954	46.34%	487	5,458
RUAN	3,676	2,953	80.33%	488	8,907
CABRERA	83,621	2,943	3.52%	489	376
SISON	3,617	2,942	81.34%	490	9,033
DELOSREYES	5,177	2,936	56.71%	491	6,540
HARRIS	624,252	2,934	0.47%	492	25
EVANGELISTA	8,964	2,919	32.56%	493	3,967
BAIG	3,423	2,911	85.04%	494	9,496
PHILIP	5,832	2,903	49.78%	495	5,910
MALHOTRA	3,206	2,901	90.49%	496	10,046
SAITO	4,367	2,900	66.41%	497	7,613
ANG	3,413	2,873	84.18%	498	9,525
BAI	3,148	2,873	91.26%	499	10,237
ANSARI	4,679	2,868	61.30%	500	7,148
REH	3,734	2,855	76.46%	501	8,780
NAIK	3,047	2,851	93.57%	502	10,528
BAEK	2,990	2,850	95.32%	503	10,689
GARG	3,008	2,849	94.71%	504	10,641
CHACKO	3,266	2,848	87.20%	505	9,899
NELSON	424,958	2,847	0.67%	506	43
KEO	3,223	2,843	88.21%	507	10,001
MANALO	3,571	2,842	79.59%	508	9,139
DELOSSANTOS	19,131	2,837	14.83%	509	1,880
GUERRERO	128,677	2,831	2.20%	510	234
GIANG	2,909	2,824	97.08%	511	10,947
MARIANO	9,091	2,821	31.03%	512	3,904
KUNG	3,113	2,820	90.59%	513	10,348
ASUNCION	4,042	2,816	69.67%	514	8,209
JOO	3,121	2,809	90.00%	515	10,324
YAU	3,033	2,807	92.55%	516	10,565
RAZA	3,392	2,803	82.64%	517	9,583
MODI	3,085	2,794	90.57%	518	10,429
PERSON	67,411	2,791	4.14%	519	496
HAM	16,980	2,786	16.41%	520	2,133
DSOUZA	3,417	2,780	81.36%	521	9,511
HIGA	3,940	2,778	70.51%	522	8,398
CHAUHAN	2,975	2,775	93.28%	523	10,731
SARMIENTO	13,710	2,768	20.19%	524	2,631
JACKSON	708,099	2,762	0.39%	525	19
ADHIKARI	2,889	2,746	95.05%	526	11,010
MOMIN	2,935	2,735	93.19%	527	10,851
TING	3,103	2,718	87.59%	528	10,382
ALVAREZ	233,983	2,714	1.16%	529	92
ROMERO	208,614	2,712	1.30%	530	115
MAN	4,010	2,706	67.48%	531	8,266
REHMAN	3,311	2,690	81.24%	532	9,784
MENON	2,938	2,681	91.25%	533	10,837
SITU	2,732	2,668	97.66%	534	11,512
PAL	3,844	2,666	69.35%	535	8,570
LAY	18,468	2,661	14.41%	536	1,957
KAM	3,749	2,660	70.95%	537	8,749
KHANNA	3,049	2,643	86.68%	538	10,520
CONCEPCION	12,332	2,642	21.42%	539	2,909
MAR	5,375	2,641	49.13%	540	6,342
PARMAR	2,912	2,634	90.45%	541	10,931
PATIL	2,790	2,628	94.19%	542	11,318
PERALTA	36,585	2,627	7.18%	543	949
RYU	2,723	2,614	96.00%	544	11,543
QIN	2,664	2,609	97.94%	545	11,759
ALLEN	482,607	2,606	0.54%	546	33
HALL	407,076	2,605	0.64%	547	45
BUTT	7,020	2,599	37.02%	548	5,007
HTOO	2,681	2,593	96.72%	549	11,688
CHOPRA	2,897	2,586	89.26%	550	10,979
RAY	133,171	2,584	1.94%	551	220
SALAZAR	152,703	2,581	1.69%	552	179
ANCHETA	3,661	2,579	70.45%	553	8,941
DANIEL	80,526	2,545	3.16%	554	396
SASAKI	3,206	2,540	79.23%	555	10,046
AZIZ	6,740	2,538	37.66%	556	5,187
ALEXANDER	204,621	2,537	1.24%	557	118
OSHIRO	3,177	2,534	79.76%	558	10,155
HSIAO	2,666	2,532	94.97%	559	11,751
HAQUE	2,778	2,524	90.86%	560	11,355
CHAUDHARY	2,752	2,521	91.61%	561	11,443
LAN	3,262	2,520	77.25%	562	9,910
SENG	4,563	2,502	54.83%	563	7,311
BANERJEE	2,723	2,495	91.63%	564	11,543
CHAE	2,628	2,491	94.79%	565	11,914
FERNANDES	18,018	2,483	13.78%	566	2,007
KAN	3,005	2,482	82.60%	567	10,647
WIN	2,820	2,482	88.01%	568	11,209
LOO	3,645	2,482	68.09%	569	8,977
QU	2,593	2,476	95.49%	570	12,035
CHUANG	2,603	2,475	95.08%	571	11,998
SZETO	2,599	2,474	95.19%	572	12,012
BAINS	3,377	2,471	73.17%	573	9,621
ZAIDI	2,851	2,469	86.60%	574	11,122
LEGASPI	3,520	2,468	70.11%	575	9,251
MOK	2,707	2,463	90.99%	576	11,597
RUIZ	238,234	2,454	1.03%	577	89
ROBINSON	529,821	2,437	0.46%	578	30
ACHARYA	2,575	2,433	94.49%	579	12,101
DAM	3,186	2,427	76.18%	580	10,114
YONG	3,123	2,419	77.46%	581	10,316
LIAN	2,995	2,407	80.37%	582	10,678
BAO	2,643	2,406	91.03%	583	11,843
PAIK	2,774	2,396	86.37%	584	11,371
ADAMS	427,865	2,396	0.56%	585	42
GOMES	24,827	2,386	9.61%	586	1,433
SETHI	2,645	2,386	90.21%	587	11,836
MOHAMMAD	5,639	2,383	42.26%	588	6,079
RAM	3,853	2,378	61.72%	589	8,547
SHAW	160,400	2,374	1.48%	590	164
AGGARWAL	2,500	2,358	94.32%	591	12,429
WALKER	523,129	2,354	0.45%	592	31
DOSHI	2,513	2,351	93.55%	593	12,378
BAKER	419,586	2,350	0.56%	594	44
LOU	2,945	2,346	79.66%	595	10,815
HAYASHI	2,992	2,344	78.34%	596	10,683
WRIGHT	458,980	2,341	0.51%	597	35
ACOSTA	103,418	2,337	2.26%	598	302
ANWAR	3,065	2,335	76.18%	599	10,480
SAHA	2,660	2,335	87.78%	600	11,781
JIA	2,409	2,333	96.85%	601	12,802
TSAO	2,508	2,330	92.90%	602	12,397
PATHAK	2,466	2,327	94.36%	603	12,557
MUKHERJEE	2,536	2,324	91.64%	604	12,264
JU	2,502	2,311	92.37%	605	12,423
SEN	3,059	2,309	75.48%	606	10,491
BANH	2,415	2,308	95.57%	607	12,775
HILL	434,827	2,305	0.53%	608	39
SAMSON	11,123	2,305	20.72%	609	3,246
TRINIDAD	13,474	2,305	17.11%	610	2,677
MOHAMED	27,972	2,302	8.23%	611	1,257
KAPADIA	2,512	2,302	91.64%	612	12,384
YAMAGUCHI	2,912	2,300	78.98%	613	10,931
QI	2,354	2,298	97.62%	614	13,042
ROBERTS	376,774	2,298	0.61%	615	50
CHEEMA	2,525	2,297	90.97%	616	12,312
VALENCIA	70,000	2,296	3.28%	617	475
SOHN	4,796	2,292	47.79%	618	6,985
HAHN	40,250	2,290	5.69%	619	859
HUH	2,429	2,290	94.28%	620	12,711
BRAR	2,488	2,273	91.36%	621	12,476
GALANG	2,559	2,263	88.43%	622	12,180
ALCANTARA	12,636	2,261	17.89%	623	2,853
SCOTT	439,530	2,242	0.51%	624	36
MURAKAMI	2,830	2,240	79.15%	625	11,174
SHU	2,447	2,218	90.64%	626	12,644
DESHPANDE	2,281	2,217	97.19%	627	13,360
ABAD	6,446	2,214	34.35%	628	5,401
PADILLA	105,365	2,213	2.10%	629	293
SIMON	80,460	2,213	2.75%	630	397
MOLINA	96,979	2,211	2.28%	631	320
RAJA	2,593	2,206	85.08%	632	12,035
SERRANO	75,996	2,204	2.90%	633	429
KHALID	3,046	2,201	72.26%	634	10,531
RAJ	2,672	2,201	82.37%	635	11,728
HAO	2,452	2,199	89.68%	636	12,622
MATHEWS	51,592	2,188	4.24%	637	663
AKTER	2,291	2,186	95.42%	638	13,316
TIEU	2,275	2,177	95.69%	639	13,391
ROSARIO	48,051	2,167	4.51%	640	725
BERNARDO	7,003	2,165	30.92%	641	5,017
SAXENA	2,286	2,159	94.44%	642	13,338
PRAKASH	2,494	2,156	86.45%	643	12,447
THAPA	2,328	2,155	92.57%	644	13,148
GUZMAN	167,044	2,155	1.29%	645	154
PHU	2,230	2,154	96.59%	646	13,593
TAING	2,350	2,147	91.36%	647	13,065
SAKAMOTO	2,741	2,145	78.26%	648	11,478
LIEN	6,827	2,144	31.40%	649	5,127
HYUN	2,262	2,142	94.69%	650	13,462
SEBASTIAN	13,934	2,142	15.37%	651	2,586
NOH	2,427	2,140	88.17%	652	12,720
MIAH	2,456	2,139	87.09%	653	12,602
JOE	9,280	2,134	23.00%	654	3,819
TRANG	2,236	2,125	95.04%	655	13,564
SETO	2,814	2,125	75.52%	656	11,229
IKEDA	2,675	2,124	79.40%	657	11,716
GAN	2,891	2,116	73.19%	658	11,003
ESTRADA	127,470	2,116	1.66%	659	238
PAW	2,220	2,110	95.05%	660	13,642
YUE	2,251	2,108	93.65%	661	13,494
SHETTY	2,213	2,106	95.16%	662	13,682
MERCHANT	14,692	2,102	14.31%	663	2,455
BHANDARI	2,244	2,099	93.54%	664	13,517
NARAYAN	2,614	2,099	80.30%	665	11,957
RANDHAWA	2,222	2,096	94.33%	666	13,627
SHIMIZU	2,613	2,093	80.10%	667	11,960
PHILLIPS	360,802	2,093	0.58%	668	52
GABRIEL	26,578	2,092	7.87%	669	1,327
SAN	2,732	2,089	76.46%	670	11,512
VERGARA	15,618	2,087	13.36%	671	2,332
NARAYANAN	2,188	2,085	95.29%	672	13,815
AUNG	2,175	2,082	95.72%	673	13,884
CHAND	2,820	2,082	73.83%	674	11,209
BHAT	2,170	2,079	95.81%	675	13,916
PRADHAN	2,236	2,079	92.98%	676	13,564
CO	2,642	2,070	78.35%	677	11,846
SAETERN	2,142	2,065	96.41%	678	14,058
HASHIMOTO	2,694	2,061	76.50%	679	11,637
ANDRES	12,821	2,060	16.07%	680	2,813
BANSAL	2,173	2,059	94.75%	681	13,893
ASHRAF	2,468	2,058	83.39%	682	12,548
CHAWLA	2,226	2,051	92.14%	683	13,612
CAMPBELL	386,157	2,047	0.53%	684	47
LANG	61,529	2,037	3.31%	685	545
GOYAL	2,118	2,037	96.18%	686	14,178
HUR	2,199	2,023	92.00%	687	13,759
FUJIMOTO	2,580	2,013	78.02%	688	12,082
SAELEE	2,129	2,006	94.22%	689	14,113
FAJARDO	15,100	2,005	13.28%	690	2,402
MORI	4,228	2,002	47.35%	691	7,831
PERERA	4,242	2,002	47.19%	692	7,801
GOEL	2,216	2,001	90.30%	693	13,660
SHERPA	2,164	2,000	92.42%	694	13,949
BYUN	2,082	1,996	95.87%	695	14,363
SAEPHAN	2,069	1,989	96.13%	696	14,443
RAMACHANDRAN	2,074	1,984	95.66%	697	14,409
DECASTRO	5,354	1,984	37.06%	698	6,361
TIWARI	2,255	1,979	87.76%	699	13,480
LAKHANI	2,193	1,976	90.10%	700	13,790
CAMACHO	67,893	1,969	2.90%	701	493
HUSAIN	2,562	1,964	76.66%	702	12,164
SARKAR	2,157	1,961	90.91%	703	13,976
VIRAY	2,222	1,958	88.12%	704	13,627
CHATTERJEE	2,155	1,956	90.77%	705	13,985
NAKAGAWA	2,431	1,956	80.46%	706	12,696
YAMASHITA	2,480	1,955	78.83%	707	12,500
ABBAS	4,974	1,953	39.26%	708	6,781
MAH	2,571	1,949	75.81%	709	12,124
IP	2,057	1,948	94.70%	710	14,505
MUN	2,146	1,946	90.68%	711	14,038
KOTHARI	2,071	1,941	93.72%	712	14,427
HAGUE	7,093	1,936	27.29%	713	4,960
VARUGHESE	2,044	1,932	94.52%	714	14,571
INOUYE	2,647	1,931	72.95%	715	11,821
BORJA	7,618	1,925	25.27%	716	4,656
LUNA	104,518	1,923	1.84%	717	298
OUYANG	1,968	1,923	97.71%	718	15,005
ORTIZ	286,899	1,922	0.67%	719	68
RO	2,455	1,920	78.21%	720	12,607
KAUL	4,128	1,915	46.39%	721	8,016
SALEEM	3,317	1,912	57.64%	722	9,767
CHERIAN	2,061	1,906	92.48%	723	14,485
KHUU	1,949	1,900	97.49%	724	15,127
NISHIMURA	2,424	1,900	78.38%	725	12,732
SHANKAR	2,130	1,895	88.97%	726	14,111
NATARAJAN	2,012	1,895	94.18%	727	14,761
GREEN	430,182	1,893	0.44%	728	41
KANESHIRO	2,424	1,884	77.72%	729	12,732
CHE	2,393	1,880	78.56%	730	12,865
MEH	2,003	1,878	93.76%	731	14,806
KURIAN	2,163	1,868	86.36%	732	13,953
TIEN	2,125	1,866	87.81%	733	14,139
THAN	1,983	1,862	93.90%	734	14,930
PAI	2,136	1,859	87.03%	735	14,082
ABE	2,938	1,856	63.17%	736	10,837
HERRERA	192,711	1,850	0.96%	737	129
MITCHELL	384,486	1,846	0.48%	738	48
KHATRI	1,991	1,844	92.62%	739	14,870
AKHTER	1,955	1,840	94.12%	740	15,090
BAJWA	1,990	1,840	92.46%	741	14,876
PETERSON	278,297	1,837	0.66%	742	71
VENTURA	39,580	1,837	4.64%	743	877
HAQ	2,132	1,834	86.02%	744	14,096
CARLOS	15,462	1,831	11.84%	745	2,357
RAJAN	1,987	1,830	92.10%	746	14,893
AHUJA	2,031	1,823	89.76%	747	14,651
SAEED	3,568	1,819	50.98%	748	9,144
MORRIS	318,884	1,818	0.57%	749	62
PARKER	336,221	1,816	0.54%	750	56
NAYAK	1,930	1,809	93.73%	751	15,238
SHUM	2,222	1,802	81.10%	752	13,627
ROSALES	75,185	1,797	2.39%	753	431
SHAHID	2,618	1,795	68.56%	754	11,942
DALAL	2,096	1,793	85.54%	755	14,286
DUTTA	1,948	1,791	91.94%	756	15,140
MURPHY	308,417	1,789	0.58%	757	64
CHEE	4,973	1,787	35.93%	758	6,784
OKAMOTO	2,373	1,781	75.05%	759	12,944
HAIDER	4,107	1,775	43.22%	760	8,070
NAKANO	2,232	1,772	79.39%	761	13,583
SEE	9,081	1,772	19.51%	762	3,911
LUK	1,920	1,767	92.03%	763	15,289
YING	1,964	1,766	89.92%	764	15,043
PILLAI	1,944	1,764	90.74%	765	15,163
PANGILINAN	1,968	1,763	89.58%	766	15,005
LOH	2,379	1,761	74.02%	767	12,921
ASLAM	1,995	1,756	88.02%	768	14,848
LUCAS	107,690	1,755	1.63%	769	286
GE	1,917	1,753	91.44%	770	15,309
THANG	1,836	1,744	94.99%	771	15,854
YADAV	1,853	1,742	94.01%	772	15,734
SAKAI	2,287	1,741	76.13%	773	13,334
DELAROSA	37,932	1,737	4.58%	774	910
THOR	2,823	1,736	61.49%	775	11,197
FUJII	2,125	1,734	81.60%	776	14,139
RAMAN	2,131	1,727	81.04%	777	14,105
ONO	2,143	1,727	80.59%	778	14,050
BISWAS	1,902	1,725	90.69%	779	15,406
COOK	302,589	1,725	0.57%	780	65
DY	1,932	1,716	88.82%	781	15,232
NAQVI	1,922	1,715	89.23%	782	15,278
SAY	3,302	1,713	51.88%	783	9,803
VORA	1,838	1,712	93.14%	784	15,833
KELLY	267,394	1,711	0.64%	785	74
MATHUR	1,881	1,708	90.80%	786	15,551
ROQUE	15,203	1,706	11.22%	787	2,388
KUE	1,818	1,704	93.73%	788	15,970
PURI	2,005	1,696	84.59%	789	14,799
CARTER	376,966	1,696	0.45%	790	49
CARINO	5,373	1,694	31.53%	791	6,344
MAHAJAN	1,794	1,691	94.26%	792	16,130
ROBLES	82,458	1,690	2.05%	793	386
RAJU	1,880	1,688	89.79%	794	15,560
SOM	1,910	1,683	88.12%	795	15,355
MIYAMOTO	2,159	1,682	77.91%	796	13,967
NATIVIDAD	4,198	1,680	40.02%	797	7,885
MITTAL	1,793	1,679	93.64%	798	16,136
PANCHAL	1,766	1,678	95.02%	799	16,315
LAMA	2,958	1,677	56.69%	800	10,782
LORENZO	17,825	1,676	9.40%	801	2,024
RAMESH	1,797	1,675	93.21%	802	16,108
EVANS	355,593	1,671	0.47%	803	53
FATIMA	1,820	1,668	91.65%	804	15,959
YOUN	1,854	1,668	89.97%	805	15,727
BRIONES	15,098	1,667	11.04%	806	2,403
BELTRAN	49,776	1,663	3.34%	807	692
EDWARDS	332,423	1,662	0.50%	808	58
SHENG	1,772	1,662	93.79%	809	16,273
BIBI	2,009	1,658	82.53%	810	14,781
LUC	2,636	1,656	62.82%	811	11,877
WOOD	250,715	1,655	0.66%	812	84
THAKUR	1,787	1,654	92.56%	813	16,171
GUEVARRA	2,216	1,635	73.78%	814	13,660
ROGERS	302,261	1,632	0.54%	815	66
CHAVEZ	250,898	1,631	0.65%	816	83
YAMASAKI	2,094	1,625	77.60%	817	14,296
OKADA	1,987	1,618	81.43%	818	14,893
MARK	14,265	1,618	11.34%	819	2,537
COLLINS	329,770	1,616	0.49%	820	59
MATSUDA	2,038	1,615	79.24%	821	14,604
MITRA	1,958	1,607	82.07%	822	15,066
KE	1,890	1,602	84.76%	823	15,494
PANDEY	1,706	1,600	93.79%	824	16,755
MU	1,803	1,600	88.74%	825	16,064
MEAS	1,929	1,599	82.89%	826	15,246
BHAGAT	1,726	1,598	92.58%	827	16,616
MIAO	1,677	1,597	95.23%	828	16,953
KABIR	1,978	1,597	80.74%	829	14,950
NICOLAS	9,006	1,597	17.73%	830	3,951
CUNANAN	1,815	1,596	87.93%	831	15,995
VAIDYA	1,694	1,594	94.10%	832	16,848
ULLAH	1,974	1,592	80.65%	833	14,976
MATEO	13,746	1,590	11.57%	834	2,623
SOOD	1,846	1,586	85.92%	835	15,784
MENDIOLA	10,752	1,579	14.69%	836	3,337
VILLEGAS	48,599	1,575	3.24%	837	716
YEO	2,805	1,570	55.97%	838	11,272
BARTOLOME	2,601	1,569	60.32%	839	12,005
FRANCIS	78,327	1,567	2.00%	840	413
AUSTRIA	2,014	1,561	77.51%	841	14,749
STEWART	324,957	1,560	0.48%	842	61
TAMAYO	16,474	1,558	9.46%	843	2,210
KAMAL	2,623	1,557	59.36%	844	11,932
ZAMORA	61,729	1,556	2.52%	845	540
CHOO	1,819	1,556	85.54%	846	15,964
SALES	10,439	1,555	14.90%	847	3,418
BHATTACHARYA	1,661	1,554	93.56%	848	17,087
VASQUEZ	212,781	1,553	0.73%	849	113
ABBASI	2,562	1,552	60.58%	850	12,164
LOWE	92,260	1,550	1.68%	851	334
ZAFAR	1,859	1,550	83.38%	852	15,692
TOY	5,784	1,549	26.78%	853	5,951
SIDDIQI	1,884	1,548	82.17%	854	15,533
MORGAN	286,280	1,546	0.54%	855	69
SETH	3,344	1,543	46.14%	856	9,701
DUAN	1,710	1,543	90.23%	857	16,728
DATTA	1,813	1,538	84.83%	858	16,012
ESGUERRA	2,085	1,538	73.76%	859	14,349
NGAI	1,623	1,535	94.58%	860	17,392
DESILVA	4,731	1,535	32.45%	861	7,075
JUAN	7,350	1,531	20.83%	862	4,808
PAEK	1,940	1,529	78.81%	863	15,183
UM	1,607	1,528	95.08%	864	17,526
SURESH	1,574	1,526	96.95%	865	17,789
FAROOQ	1,770	1,525	86.16%	866	16,295
VARMA	1,729	1,524	88.14%	867	16,586
HASHMI	1,721	1,520	88.32%	868	16,644
HARADA	2,030	1,518	74.78%	869	14,656
TARIQ	1,702	1,516	89.07%	870	16,781
CANLAS	1,704	1,513	88.79%	871	16,765
OTA	1,984	1,500	75.60%	872	14,920
CHEONG	1,663	1,494	89.84%	873	17,072
CRISOSTOMO	3,408	1,491	43.75%	874	9,539
MIGUEL	10,861	1,490	13.72%	875	3,303
ATIENZA	1,777	1,489	83.79%	876	16,247
OO	1,601	1,487	92.88%	877	17,565
GAUTAM	1,568	1,486	94.77%	878	17,839
PEREIRA	29,898	1,486	4.97%	879	1,175
ZHUANG	1,513	1,483	98.02%	880	18,317
CHAKRABORTY	1,537	1,480	96.29%	881	18,116
CHINN	6,211	1,479	23.81%	882	5,601
YAM	1,808	1,478	81.75%	883	16,041
VARGAS	173,835	1,478	0.85%	884	148
MAC	2,321	1,477	63.64%	885	13,171
KOHLI	2,150	1,467	68.23%	886	14,006
MAEDA	2,181	1,467	67.26%	887	13,855
BHARDWAJ	1,580	1,467	92.85%	888	17,734
KHATUN	1,517	1,467	96.70%	889	18,296
TAT	1,593	1,465	91.96%	890	17,639
SOE	1,668	1,464	87.77%	891	17,033
TURNER	348,627	1,464	0.42%	892	54
ORTEGA	127,256	1,463	1.15%	893	239
ROXAS	1,706	1,460	85.58%	894	16,755
MATHAI	1,618	1,457	90.05%	895	17,432
SOLOMON	46,534	1,457	3.13%	896	745
MACH	5,047	1,456	28.85%	897	6,692
BASU	1,675	1,451	86.63%	898	16,968
MORITA	1,986	1,449	72.96%	899	14,902
HONDA	2,171	1,448	66.70%	900	13,911
CHAHAL	1,578	1,446	91.63%	901	17,752
TAMURA	2,040	1,445	70.83%	902	14,591
CORDERO	30,158	1,445	4.79%	903	1,164
MUNOZ	158,483	1,442	0.91%	904	168
OGAWA	1,887	1,440	76.31%	905	15,508
JAVED	1,627	1,438	88.38%	906	17,359
MUHAMMAD	19,076	1,438	7.54%	907	1,884
JHA	1,513	1,437	94.98%	908	18,317
HENRY	170,964	1,436	0.84%	909	149
JAMAL	2,864	1,436	50.14%	910	11,081
AOKI	1,838	1,434	78.02%	911	15,833
MIAN	1,735	1,427	82.25%	912	16,544
TUN	1,908	1,425	74.69%	913	15,370
PENA	130,776	1,425	1.09%	914	227
NATH	2,570	1,421	55.29%	915	12,127
CHOUDHARY	1,521	1,421	93.43%	916	18,262
GULATI	1,632	1,419	86.95%	917	17,323
WHANG	1,522	1,418	93.17%	918	18,253
KOSHY	1,505	1,418	94.22%	919	18,401
MOO	1,803	1,416	78.54%	920	16,064
MALLARI	1,575	1,414	89.78%	921	17,784
FUJITA	1,719	1,413	82.20%	922	16,662
REED	277,030	1,413	0.51%	923	73
ISHII	1,873	1,407	75.12%	924	15,606
BALLESTEROS	10,261	1,406	13.70%	925	3,481
COOPER	280,791	1,404	0.50%	926	70
GAMBOA	19,577	1,400	7.15%	927	1,829
ROSS	229,368	1,399	0.61%	928	98
TUAZON	1,556	1,396	89.72%	929	17,958
SAETEURN	1,470	1,395	94.90%	930	18,694
ARSHAD	1,588	1,394	87.78%	931	17,673
SUAREZ	66,013	1,393	2.11%	932	510
XIANG	1,430	1,392	97.34%	933	19,041
KANNAN	1,553	1,390	89.50%	934	17,980
BALASUBRAMANIAN	1,424	1,389	97.54%	935	19,105
CUSTODIO	3,592	1,389	38.67%	936	9,093
BAILEY	277,845	1,389	0.50%	937	72
SANG	2,146	1,387	64.63%	938	14,038
MEJIA	104,057	1,384	1.33%	939	300
ISMAIL	6,126	1,379	22.51%	940	5,668
CHOUDHRY	1,567	1,378	87.94%	941	17,851
VALENZUELA	57,383	1,377	2.40%	942	584
KHA	1,408	1,375	97.66%	943	19,257
VELASQUEZ	80,364	1,374	1.71%	944	398
RONG	1,444	1,371	94.94%	945	18,910
IN	1,492	1,363	91.35%	946	18,507
ISHIKAWA	1,696	1,362	80.31%	947	16,833
NAKATA	1,826	1,361	74.53%	948	15,912
RODRIGUES	31,280	1,361	4.35%	949	1,122
SHAN	2,099	1,360	64.79%	950	14,268
RAVAL	1,453	1,359	93.53%	951	18,835
JAN	2,046	1,358	66.37%	952	14,564
PABLO	6,462	1,358	21.02%	953	5,384
MAHARAJ	2,787	1,355	48.62%	954	11,322
OUK	1,424	1,354	95.08%	955	19,105
ESPINOSA	38,667	1,353	3.50%	956	896
AWAN	1,637	1,350	82.47%	957	17,290
PETERS	137,513	1,348	0.98%	958	205
KRISHNAMURTHY	1,392	1,347	96.77%	959	19,416
MEMON	1,528	1,345	88.02%	960	18,208
SALAS	65,468	1,342	2.05%	961	513
BLANCO	31,800	1,342	4.22%	962	1,099
HABIB	4,932	1,342	27.21%	963	6,836
GOH	1,528	1,341	87.76%	964	18,208
WATSON	252,579	1,339	0.53%	965	81
RAMAKRISHNAN	1,389	1,338	96.33%	966	19,456
BATRA	1,461	1,337	91.51%	967	18,766
HAMID	3,433	1,334	38.86%	968	9,473
ARIF	1,719	1,333	77.55%	969	16,662
BABU	1,496	1,329	88.84%	970	18,478
GRAY	246,116	1,329	0.54%	971	87
CAMPOS	96,111	1,326	1.38%	972	323
SULLIVAN	220,990	1,326	0.60%	973	105
JANI	1,704	1,326	77.82%	974	16,765
HOWARD	264,826	1,324	0.50%	975	75
ESTEBAN	5,240	1,324	25.27%	976	6,480
SOLIS	82,146	1,323	1.61%	977	388
NIE	1,725	1,322	76.64%	978	16,624
ROH	1,833	1,322	72.12%	979	15,871
PHUONG	1,355	1,322	97.56%	980	19,834
TAHIR	1,984	1,321	66.58%	981	14,920
LOK	1,552	1,320	85.05%	982	17,992
MYINT	1,446	1,320	91.29%	983	18,888
MORENO	196,925	1,319	0.67%	984	124
CHUI	1,420	1,319	92.89%	985	19,138
TRIPATHI	1,399	1,319	94.28%	986	19,341
DEVI	1,543	1,317	85.35%	987	18,068
RANI	1,415	1,313	92.79%	988	19,189
MANZANO	9,608	1,312	13.66%	989	3,697
BENNETT	247,599	1,312	0.53%	990	86
BUN	1,458	1,311	89.92%	991	18,793
MIYASHIRO	1,671	1,310	78.40%	992	17,005
VILORIA	2,405	1,309	54.43%	993	12,821
AFZAL	1,634	1,308	80.05%	994	17,319
ARELLANO	50,104	1,308	2.61%	995	687
MANI	2,212	1,307	59.09%	996	13,690
COX	261,231	1,306	0.50%	997	78
NASIR	2,185	1,305	59.73%	998	13,834
BI	1,438	1,305	90.75%	999	18,971
AHSAN	1,399	1,304	93.21%	1,000	19,341
KRISHNA	1,458	1,302	89.30%	1,001	18,793
TSO	3,249	1,301	40.04%	1,002	9,931
IBRAHIM	15,915	1,300	8.17%	1,003	2,290
SAHOTA	1,412	1,297	91.86%	1,004	19,223
NAKASHIMA	1,674	1,297	77.48%	1,005	16,975
NAKAMOTO	1,770	1,296	73.22%	1,006	16,295
MISRA	1,502	1,296	86.28%	1,007	18,431
MANANSALA	1,391	1,296	93.17%	1,008	19,425
SEVILLA	8,980	1,294	14.41%	1,009	3,958
BALTAZAR	13,045	1,291	9.90%	1,010	2,767
BHUIYAN	1,427	1,288	90.26%	1,011	19,075
BACH	11,999	1,284	10.70%	1,012	2,986
SOOHOO	1,444	1,283	88.85%	1,013	18,910
RAVI	1,385	1,281	92.49%	1,014	19,498
BOSE	3,406	1,281	37.61%	1,015	9,547
CHAUDHARI	1,348	1,279	94.88%	1,016	19,911
AUYEUNG	1,333	1,279	95.95%	1,017	20,057
AYE	1,823	1,279	70.16%	1,018	15,938
ALFONSO	12,246	1,278	10.44%	1,019	2,927
CASTANEDA	71,368	1,277	1.79%	1,020	464
RYAN	143,452	1,277	0.89%	1,021	193
WARD	260,464	1,276	0.49%	1,022	79
ENDO	1,652	1,276	77.24%	1,023	17,151
THONG	1,378	1,275	92.53%	1,024	19,581
HEO	1,319	1,275	96.66%	1,025	20,201
VISWANATHAN	1,334	1,273	95.43%	1,026	20,047
LAZARO	9,061	1,273	14.05%	1,027	3,922
ARAKAKI	1,648	1,272	77.18%	1,028	17,182
PRABHU	1,350	1,270	94.07%	1,029	19,896
SOLANKI	1,337	1,268	94.84%	1,030	20,019
WADA	1,712	1,268	74.07%	1,031	16,716
ASIF	1,403	1,267	90.31%	1,032	19,296
CHADHA	1,407	1,266	89.98%	1,033	19,266
HASEGAWA	1,559	1,266	81.21%	1,034	17,927
PERRY	221,741	1,264	0.57%	1,035	103
RUSSELL	221,558	1,263	0.57%	1,036	104
CHRISTIAN	54,198	1,263	2.33%	1,037	626
MAGNO	2,642	1,263	47.80%	1,038	11,846
BAJAJ	1,379	1,262	91.52%	1,039	19,567
MAY	103,306	1,260	1.22%	1,040	304
GUEVARA	46,454	1,259	2.71%	1,041	746
FUKUDA	1,562	1,258	80.54%	1,042	17,896
KAZI	1,463	1,256	85.85%	1,043	18,751
FOSTER	227,764	1,253	0.55%	1,044	99
NIU	1,372	1,252	91.25%	1,045	19,646
PHO	1,333	1,252	93.92%	1,046	20,057
MASUDA	1,672	1,251	74.82%	1,047	16,993
RICHARDSON	259,798	1,247	0.48%	1,048	80
GOTO	3,302	1,247	37.76%	1,049	9,803
DAHAL	1,297	1,246	96.07%	1,050	20,468
AZAM	1,536	1,244	80.99%	1,051	18,128
PADUA	2,505	1,243	49.62%	1,052	12,411
CHANTHAVONG	1,346	1,242	92.27%	1,053	19,933
MATA	48,120	1,241	2.58%	1,054	724
DIN	1,650	1,238	75.03%	1,055	17,169
DELAPENA	4,051	1,238	30.56%	1,056	8,189
INOUE	1,391	1,236	88.86%	1,057	19,425
BHATTARAI	1,284	1,234	96.11%	1,058	20,627
SZE	1,353	1,232	91.06%	1,059	19,865
NAIDU	1,513	1,232	81.43%	1,060	18,317
LENG	1,610	1,230	76.40%	1,061	17,502
DOMINGUEZ	119,304	1,229	1.03%	1,062	254
JAHAN	1,386	1,228	88.60%	1,063	19,489
SAO	1,489	1,227	82.40%	1,064	18,529
FELICIANO	21,667	1,222	5.64%	1,065	1,662
KAMATH	1,299	1,219	93.84%	1,066	20,449
DEY	4,127	1,219	29.54%	1,067	8,019
FRANCO	69,943	1,217	1.74%	1,068	476
ROS	2,213	1,214	54.86%	1,069	13,682
MEHRA	1,415	1,214	85.80%	1,070	19,189
BELL	220,599	1,213	0.55%	1,071	106
GALVEZ	20,425	1,211	5.93%	1,072	1,754
BHARGAVA	1,295	1,210	93.44%	1,073	20,491
DEAN	114,030	1,209	1.06%	1,074	269
BROOKS	251,663	1,208	0.48%	1,075	82
LOI	1,357	1,208	89.02%	1,076	19,814
NAKAYAMA	1,465	1,208	82.46%	1,077	18,734
BHATNAGAR	1,293	1,207	93.35%	1,078	20,512
MASOOD	1,451	1,201	82.77%	1,079	18,849
DIXIT	1,273	1,200	94.27%	1,080	20,758
PRICE	235,251	1,200	0.51%	1,081	91
SUNGA	1,311	1,199	91.46%	1,082	20,285
GUILLERMO	3,393	1,199	35.34%	1,083	9,581
CHIA	1,748	1,198	68.54%	1,084	16,450
XING	1,240	1,198	96.61%	1,085	21,173
PANGANIBAN	1,374	1,197	87.12%	1,086	19,628
RIAZ	1,397	1,196	85.61%	1,087	19,364
DANH	1,294	1,195	92.35%	1,088	20,502
SUNDARAM	1,277	1,192	93.34%	1,089	20,709
GOSWAMI	1,267	1,191	94.00%	1,090	20,829
UPADHYAY	1,271	1,191	93.71%	1,091	20,780
MUSTAFA	5,873	1,191	20.28%	1,092	5,875
THAM	1,355	1,189	87.75%	1,093	19,834
HSIA	1,275	1,189	93.25%	1,094	20,739
UPPAL	1,305	1,188	91.03%	1,095	20,364
STEVENS	185,674	1,188	0.64%	1,096	135
YOSHIMURA	1,481	1,188	80.22%	1,097	18,601
KAPUR	1,428	1,186	83.05%	1,098	19,062
GANESH	1,512	1,185	78.37%	1,099	18,326
KONDO	2,542	1,185	46.62%	1,100	12,238
AKBAR	2,567	1,185	46.16%	1,101	12,136
ALONZO	20,367	1,185	5.82%	1,102	1,758
NGUY	1,223	1,184	96.81%	1,103	21,393
FISHER	214,703	1,181	0.55%	1,104	112
HUGHES	236,271	1,181	0.50%	1,105	90
CALDERON	77,085	1,179	1.53%	1,106	421
VOONG	1,191	1,177	98.82%	1,107	21,830
GIN	1,509	1,173	77.73%	1,108	18,354
PANDIT	1,247	1,172	93.99%	1,109	21,068
CRISTOBAL	3,602	1,171	32.51%	1,110	9,074
SIDDIQUE	1,306	1,167	89.36%	1,111	20,348
NGHIEM	1,203	1,166	96.92%	1,112	21,660
CARREON	12,941	1,165	9.00%	1,113	2,789
PALMA	20,636	1,164	5.64%	1,114	1,735
RAHIM	2,601	1,164	44.75%	1,115	12,005
TOUCH	1,384	1,163	84.03%	1,116	19,513
GROVER	17,534	1,163	6.63%	1,117	2,056
BASHIR	2,752	1,162	42.22%	1,118	11,443
PASION	1,526	1,162	76.15%	1,119	18,227
JAFRI	1,293	1,162	89.87%	1,120	20,512
NHAN	1,212	1,161	95.79%	1,121	21,535
WAH	1,550	1,160	74.84%	1,122	18,007
BHAVSAR	1,244	1,159	93.17%	1,123	21,105
VOHRA	1,247	1,158	92.86%	1,124	21,068
JOHAL	1,255	1,158	92.27%	1,125	20,971
PEN	1,438	1,157	80.46%	1,126	18,971
BRAHMBHATT	1,219	1,157	94.91%	1,127	21,439
SANJUAN	4,232	1,155	27.29%	1,128	7,825
SINGHAL	1,236	1,153	93.28%	1,129	21,228
MYERS	229,895	1,149	0.50%	1,130	96
SANGHA	1,262	1,148	90.97%	1,131	20,884
JORDAN	208,403	1,146	0.55%	1,132	116
BALAKRISHNAN	1,209	1,143	94.54%	1,133	21,583
UMALI	1,260	1,143	90.71%	1,134	20,910
ABDULLAH	8,314	1,142	13.74%	1,135	4,272
ESTRELLA	13,758	1,141	8.29%	1,136	2,618
QUIAMBAO	1,231	1,141	92.69%	1,137	21,288
SING	2,613	1,140	43.63%	1,138	11,960
NOMURA	1,453	1,136	78.18%	1,139	18,835
MURTHY	1,268	1,134	89.43%	1,140	20,818
SULTAN	3,363	1,132	33.66%	1,141	9,648
DUMLAO	1,472	1,128	76.63%	1,142	18,676
HIRATA	1,479	1,128	76.27%	1,143	18,614
JEW	1,424	1,127	79.14%	1,144	19,105
CHUONG	1,147	1,127	98.26%	1,145	22,436
KALRA	1,220	1,127	92.38%	1,146	21,429
ODA	1,765	1,126	63.80%	1,147	16,327
LUNG	7,753	1,125	14.51%	1,148	4,578
FELIX	40,165	1,125	2.80%	1,149	863
SEKHON	1,231	1,125	91.39%	1,150	21,288
KARKI	1,360	1,124	82.65%	1,151	19,782
KAZMI	1,284	1,123	87.46%	1,152	20,627
RAMANATHAN	1,163	1,122	96.47%	1,153	22,194
SHIEH	1,197	1,122	93.73%	1,154	21,736
AGUINALDO	1,369	1,122	81.96%	1,155	19,688
HAU	3,592	1,122	31.24%	1,156	9,093
TOLEDO	19,474	1,122	5.76%	1,157	1,841
VIRANI	1,259	1,120	88.96%	1,158	20,926
PARAS	2,463	1,120	45.47%	1,159	12,566
HAMADA	1,965	1,119	56.95%	1,160	15,033
SURI	1,531	1,117	72.96%	1,161	18,177
FONTANILLA	1,391	1,117	80.30%	1,162	19,425
KHAWAJA	1,475	1,116	75.66%	1,163	18,648
ON	1,309	1,115	85.18%	1,164	20,309
FOO	1,405	1,114	79.29%	1,165	19,282
TRAM	1,190	1,114	93.61%	1,166	21,842
KHATOON	1,152	1,113	96.61%	1,167	22,359
CEN	1,239	1,112	89.75%	1,168	21,184
LATIF	2,011	1,112	55.30%	1,169	14,768
CHHAY	1,170	1,110	94.87%	1,170	22,113
ABELLA	2,177	1,107	50.85%	1,171	13,874
PETER	9,191	1,105	12.02%	1,172	3,859
ROSE	153,397	1,104	0.72%	1,173	177
DESHMUKH	1,157	1,104	95.42%	1,174	22,281
JUE	1,393	1,104	79.25%	1,175	19,398
SHIMABUKURO	1,484	1,103	74.33%	1,176	18,579
IMRAN	1,295	1,102	85.10%	1,177	20,491
SUBEDI	1,206	1,101	91.29%	1,178	21,625
SEHGAL	1,250	1,101	88.08%	1,179	21,034
DURAN	89,401	1,100	1.23%	1,180	349
KHURANA	1,182	1,099	92.98%	1,181	21,960
NADEEM	1,238	1,097	88.61%	1,182	21,204
KENNEDY	176,865	1,097	0.62%	1,183	146
PEI	1,183	1,096	92.65%	1,184	21,940
VIRK	1,193	1,096	91.87%	1,185	21,790
JACINTO	6,238	1,095	17.55%	1,186	5,572
CLEMENTE	9,797	1,094	11.17%	1,187	3,626
TE	1,246	1,093	87.72%	1,188	21,080
RAGHAVAN	1,144	1,092	95.45%	1,189	22,481
LALANI	1,233	1,092	88.56%	1,190	21,260
HARA	2,603	1,092	41.95%	1,191	11,998
BAL	2,006	1,090	54.34%	1,192	14,794
HAMILTON	201,746	1,089	0.54%	1,193	119
VILLA	52,817	1,088	2.06%	1,194	644
SUBRAMANIAM	1,151	1,088	94.53%	1,195	22,375
SHENOY	1,152	1,088	94.44%	1,196	22,359
JEN	1,371	1,085	79.14%	1,197	19,654
SUM	1,482	1,084	73.14%	1,198	18,596
OLSON	164,035	1,083	0.66%	1,199	157
LIOU	1,162	1,083	93.20%	1,200	22,201
KAWAMOTO	1,379	1,083	78.54%	1,201	19,567
TAKEUCHI	1,362	1,083	79.52%	1,202	19,763
AVILA	97,314	1,080	1.11%	1,203	318
GERONIMO	3,443	1,079	31.34%	1,204	9,449
QUINTO	2,746	1,079	39.29%	1,205	11,466
TOOR	1,393	1,077	77.32%	1,206	19,398
GANESAN	1,115	1,075	96.41%	1,207	22,944
GOPAL	1,212	1,074	88.61%	1,208	21,535
COLE	195,289	1,074	0.55%	1,209	126
MATHER	7,621	1,073	14.08%	1,210	4,652
DAY	105,091	1,072	1.02%	1,211	294
MAHMUD	1,649	1,072	65.01%	1,212	17,176
MEYER	150,895	1,071	0.71%	1,213	183
BONIFACIO	2,457	1,070	43.55%	1,214	12,597
QAZI	1,219	1,069	87.69%	1,215	21,439
WAI	1,229	1,068	86.90%	1,216	21,320
LUCERO	39,986	1,068	2.67%	1,217	865
MARSHALL	183,922	1,067	0.58%	1,218	139
CHOKSHI	1,131	1,066	94.25%	1,219	22,673
ZHAN	1,104	1,064	96.38%	1,220	23,120
SPENCER	139,951	1,064	0.76%	1,221	199
DELGADO	132,985	1,064	0.80%	1,222	221
NO	1,349	1,063	78.80%	1,223	19,907
NAWAZ	1,208	1,062	87.91%	1,224	21,599
TANDON	1,197	1,061	88.64%	1,225	21,736
FUENTES	81,006	1,061	1.31%	1,226	394
DUNN	141,427	1,061	0.75%	1,227	197
BUENAVENTURA	1,611	1,060	65.80%	1,228	17,495
EUGENIO	2,238	1,059	47.32%	1,229	13,545
MARASIGAN	1,193	1,058	88.68%	1,230	21,790
RA	1,458	1,057	72.50%	1,231	18,793
ENCARNACION	7,171	1,057	14.74%	1,232	4,909
KAHN	14,584	1,057	7.25%	1,233	2,473
ILAGAN	1,183	1,055	89.18%	1,234	21,940
AHLUWALIA	1,188	1,054	88.72%	1,235	21,868
MURRAY	184,910	1,054	0.57%	1,236	136
ANDRADE	65,037	1,054	1.62%	1,237	516
KUAN	1,280	1,052	82.19%	1,238	20,676
PINTO	21,366	1,051	4.92%	1,239	1,687
DULAY	1,459	1,049	71.90%	1,240	18,786
BARNES	218,241	1,048	0.48%	1,241	110
KIN	1,739	1,047	60.21%	1,242	16,519
NAHAR	1,187	1,046	88.12%	1,243	21,878
HAMEED	1,832	1,045	57.04%	1,244	15,879
ANDREWS	133,799	1,044	0.78%	1,245	218
HUEY	9,800	1,043	10.64%	1,246	3,625
PUN	1,197	1,043	87.13%	1,247	21,736
QUON	1,282	1,043	81.36%	1,248	20,648
VENKATESH	1,082	1,042	96.30%	1,249	23,485
MODY	1,269	1,042	82.11%	1,250	20,806
REYNOLDS	200,247	1,041	0.52%	1,251	121
JOY	13,413	1,040	7.75%	1,252	2,684
NUNEZ	125,350	1,040	0.83%	1,253	242
ATWAL	1,124	1,040	92.53%	1,254	22,791
NAGATA	1,461	1,040	71.18%	1,255	18,766
SENGUPTA	1,147	1,039	90.58%	1,256	22,436
CARPIO	7,561	1,038	13.73%	1,257	4,693
MATIAS	11,635	1,038	8.92%	1,258	3,091
PON	1,419	1,036	73.01%	1,259	19,145
SUEN	1,133	1,036	91.44%	1,260	22,646
DASGUPTA	1,147	1,036	90.32%	1,261	22,436
PRAK	1,179	1,036	87.87%	1,262	22,000
PAO	1,224	1,036	84.64%	1,263	21,382
POWELL	224,874	1,034	0.46%	1,264	101
VICENTE	10,789	1,030	9.55%	1,265	3,326
KIEU	1,087	1,030	94.76%	1,266	23,397
GREGORIO	5,228	1,030	19.70%	1,267	6,494
DUENAS	13,736	1,029	7.49%	1,268	2,627
ING	1,814	1,028	56.67%	1,269	16,004
SABLAN	1,708	1,028	60.19%	1,270	16,743
RIM	1,163	1,028	88.39%	1,271	22,194
ISHIDA	1,322	1,028	77.76%	1,272	20,172
CHHABRA	1,125	1,026	91.20%	1,273	22,770
GRAHAM	201,159	1,026	0.51%	1,274	120
POBLETE	1,729	1,025	59.28%	1,275	16,586
HANSEN	137,977	1,021	0.74%	1,276	204
MENESES	8,548	1,021	11.94%	1,277	4,143
NOOR	2,555	1,021	39.96%	1,278	12,192
YIU	1,056	1,021	96.69%	1,279	23,899
ELLIS	188,968	1,020	0.54%	1,280	131
PANKEY	4,626	1,018	22.01%	1,281	7,216
KHONG	1,048	1,017	97.04%	1,282	24,049
BONDOC	1,212	1,015	83.75%	1,283	21,535
KAWAMURA	1,330	1,013	76.17%	1,284	20,088
TAMANG	1,105	1,011	91.49%	1,285	23,100
BENJAMIN	40,590	1,011	2.49%	1,286	850
ZIA	1,495	1,010	67.56%	1,287	18,486
TAY	1,736	1,009	58.12%	1,288	16,536
MORIMOTO	1,291	1,009	78.16%	1,289	20,541
TAKEDA	1,213	1,008	83.10%	1,290	21,524
TIN	1,158	1,007	86.96%	1,291	22,260
SHARIF	3,879	1,007	25.96%	1,292	8,493
LAZO	12,640	1,006	7.96%	1,293	2,850
WALLACE	197,276	1,006	0.51%	1,294	123
PONCE	49,549	1,006	2.03%	1,295	695
GORDON	161,833	1,003	0.62%	1,296	161
OGATA	1,402	1,003	71.54%	1,297	19,306
MIURA	1,329	1,003	75.47%	1,298	20,099
GALLARDO	31,909	1,002	3.14%	1,299	1,096
HOQUE	1,147	1,001	87.27%	1,300	22,436
RADHAKRISHNAN	1,034	1,000	96.71%	1,301	24,260
PRAJAPATI	1,029	998	96.99%	1,302	24,352
ESCOBAR	64,403	998	1.55%	1,303	520
STONE	153,329	997	0.65%	1,304	178
MEN	1,245	996	80.00%	1,305	21,092
KAHLON	1,083	995	91.87%	1,306	23,472
AGUIRRE	79,517	994	1.25%	1,307	401
ABALOS	2,463	994	40.36%	1,308	12,566
UYEDA	1,326	993	74.89%	1,309	20,139
MCDONALD	180,497	993	0.55%	1,310	143
MIR	2,097	992	47.31%	1,311	14,279
RONQUILLO	4,881	992	20.32%	1,312	6,885
HIRANO	1,246	991	79.53%	1,313	21,080
SI	1,166	990	84.91%	1,314	22,158
LOBO	4,830	990	20.50%	1,315	6,943
SIMMONS	210,182	988	0.47%	1,316	114
MURATA	1,249	988	79.10%	1,317	21,048
PUROHIT	1,065	988	92.77%	1,318	23,750
SHAIK	1,053	987	93.73%	1,319	23,957
KUBOTA	1,287	987	76.69%	1,320	20,591
PU	1,299	987	75.98%	1,321	20,449
BUTLER	218,847	985	0.45%	1,322	108
FIGUEROA	98,468	985	1.00%	1,323	316
SHANG	1,079	984	91.20%	1,324	23,532
MANG	2,354	983	41.76%	1,325	13,042
HENDERSON	218,393	983	0.45%	1,326	109
MACARAEG	1,079	982	91.01%	1,327	23,532
KEE	9,049	981	10.84%	1,328	3,932
BURNS	165,925	979	0.59%	1,329	155
SWAMINATHAN	1,017	978	96.17%	1,330	24,572
JING	1,033	978	94.68%	1,331	24,288
BALA	1,968	977	49.64%	1,332	15,005
BUENO	16,936	976	5.76%	1,333	2,140
PO	1,213	975	80.38%	1,334	21,524
LWIN	1,028	974	94.75%	1,335	24,370
KHO	1,063	973	91.53%	1,336	23,785
BEDI	1,249	973	77.90%	1,337	21,048
YOKOYAMA	1,218	972	79.80%	1,338	21,459
TEO	1,550	971	62.65%	1,339	18,007
CADIZ	1,993	969	48.62%	1,340	14,862
ALBANO	5,860	969	16.54%	1,341	5,889
JONG	1,126	968	85.97%	1,342	22,749
WEE	1,353	968	71.54%	1,343	19,865
GONZAGA	2,827	968	34.24%	1,344	11,185
SRIDHAR	1,004	967	96.31%	1,345	24,802
HUNT	158,421	966	0.61%	1,346	169
PATTERSON	205,423	965	0.47%	1,347	117
PAE	1,227	965	78.65%	1,348	21,348
KINOSHITA	1,249	965	77.26%	1,349	21,048
BHALLA	1,108	964	87.00%	1,350	23,065
DOI	1,253	964	76.94%	1,351	20,996
NANDA	1,109	963	86.83%	1,352	23,054
LACSON	1,086	962	88.58%	1,353	23,414
SHIBATA	1,244	960	77.17%	1,354	21,105
DHAR	1,026	960	93.57%	1,355	24,404
KY	1,042	960	92.13%	1,356	24,137
WALLA	2,472	960	38.83%	1,357	12,536
WEST	195,818	960	0.49%	1,358	125
LAWRENCE	129,699	960	0.74%	1,359	232
DEOL	1,042	956	91.75%	1,360	24,137
TOMITA	1,269	954	75.18%	1,361	20,806
AKRAM	1,391	953	68.51%	1,362	19,425
YAMAUCHI	1,197	953	79.62%	1,363	21,736
RAMASWAMY	1,007	952	94.54%	1,364	24,747
HAYES	194,246	952	0.49%	1,365	127
CORTES	46,229	952	2.06%	1,366	751
MAUNG	1,023	951	92.96%	1,367	24,466
SARWAR	1,144	951	83.13%	1,368	22,481
LIEW	1,017	950	93.41%	1,369	24,572
BERNAL	39,693	949	2.39%	1,370	873
LARA	83,067	947	1.14%	1,371	381
SHAHZAD	1,026	947	92.30%	1,372	24,404
APOSTOL	1,531	947	61.85%	1,373	18,177
MOHIUDDIN	1,052	946	89.92%	1,374	23,978
SNYDER	160,262	946	0.59%	1,375	165
SANDERS	230,374	945	0.41%	1,376	94
NISHIMOTO	1,267	943	74.43%	1,377	20,829
HARRISON	181,091	942	0.52%	1,378	141
SALCEDO	18,387	940	5.11%	1,379	1,967
ROLDAN	13,498	938	6.95%	1,380	2,671
HANIF	1,304	938	71.93%	1,381	20,382
KHADKA	981	938	95.62%	1,382	25,255
BAIK	1,003	938	93.52%	1,383	24,822
NAEEM	1,158	937	80.92%	1,384	22,260
ZAHID	1,094	936	85.56%	1,385	23,283
ZHUO	952	936	98.32%	1,386	25,849
NAGARAJAN	980	936	95.51%	1,387	25,272
KHANAL	997	936	93.88%	1,388	24,934
RAYMUNDO	3,764	936	24.87%	1,389	8,718
THI	1,024	935	91.31%	1,390	24,446
BERNABE	4,915	934	19.00%	1,391	6,848
KAWASAKI	1,235	933	75.55%	1,392	21,237
RATHOD	1,010	932	92.28%	1,393	24,702
YABUT	1,012	931	92.00%	1,394	24,665
YOSHIOKA	1,125	931	82.76%	1,395	22,770
TANIGUCHI	1,289	931	72.23%	1,396	20,565
XI	963	930	96.57%	1,397	25,620
MARCELO	2,361	930	39.39%	1,398	13,002
BALK	3,228	929	28.78%	1,399	9,991
TOMAS	7,673	929	12.11%	1,400	4,623
CARLSON	120,552	928	0.77%	1,401	252
QUANG	982	926	94.30%	1,402	25,226
BARUA	1,017	926	91.05%	1,403	24,572
CAYABYAB	1,019	921	90.38%	1,404	24,531
KHANAM	937	920	98.19%	1,405	26,126
LUKE	18,425	918	4.98%	1,406	1,961
XIN	948	917	96.73%	1,407	25,924
NISHIDA	1,130	917	81.15%	1,408	22,689
OKAMURA	1,254	915	72.97%	1,409	20,985
FAROOQUI	1,007	915	90.86%	1,410	24,747
MUGHAL	1,028	915	89.01%	1,411	24,370
RUBIO	50,788	914	1.80%	1,412	673
DEO	1,578	913	57.86%	1,413	17,752
DIAS	16,044	911	5.68%	1,414	2,266
UCHIDA	1,156	911	78.81%	1,415	22,301
PIMENTEL	21,579	908	4.21%	1,416	1,671
PARVEEN	936	908	97.01%	1,417	26,143
COLOMA	1,686	907	53.80%	1,418	16,894
CORPUS	3,901	907	23.25%	1,419	8,467
LARSON	122,587	907	0.74%	1,420	247
KAWAKAMI	1,254	906	72.25%	1,421	20,985
KUMARI	990	905	91.41%	1,422	25,083
MASIH	1,044	905	86.69%	1,423	24,112
NING	992	904	91.13%	1,424	25,037
LEU	2,459	904	36.76%	1,425	12,587
WAGNER	155,795	904	0.58%	1,426	173
PACHECO	77,642	901	1.16%	1,427	419
OBRIEN	118,557	901	0.76%	1,428	258
PAULINO	11,500	900	7.83%	1,429	3,142
KHOKHAR	1,026	899	87.62%	1,430	24,404
LALL	1,568	899	57.33%	1,431	17,839
IYENGAR	948	898	94.73%	1,432	25,924
LEON	86,363	898	1.04%	1,433	363
PORTER	163,054	897	0.55%	1,434	159
SCHMIDT	147,034	897	0.61%	1,435	185
LOZANO	57,779	896	1.55%	1,436	577
CONSTANTINO	5,442	896	16.46%	1,437	6,278
CABRAL	23,128	895	3.87%	1,438	1,557
TIU	1,148	894	77.87%	1,439	22,421
SHROFF	1,094	893	81.63%	1,440	23,283
NAKASONE	1,142	893	78.20%	1,441	22,516
JOHNSTON	131,373	893	0.68%	1,442	225
SOO	1,117	892	79.86%	1,443	22,906
BASA	1,310	892	68.09%	1,444	20,299
AGBAYANI	1,096	891	81.30%	1,445	23,251
MAU	3,042	890	29.26%	1,446	10,541
CABALLERO	28,903	887	3.07%	1,447	1,224
VANN	15,416	886	5.75%	1,448	2,366
MINA	3,122	885	28.35%	1,449	10,320
BHASIN	959	883	92.08%	1,450	25,701
HUO	920	883	95.98%	1,451	26,516
CHIOU	958	882	92.07%	1,452	25,725
BASNET	937	881	94.02%	1,453	26,126
SOU	982	880	89.61%	1,454	25,226
FREEMAN	169,149	880	0.52%	1,455	151
ARAGON	25,801	880	3.41%	1,456	1,367
FERGUSON	146,426	879	0.60%	1,457	188
MINHAS	971	879	90.53%	1,458	25,459
CHUM	1,011	879	86.94%	1,459	24,685
INTHAVONG	941	877	93.20%	1,460	26,042
GIBSON	190,667	877	0.46%	1,461	130
HIDALGO	23,134	877	3.79%	1,462	1,556
HIGASHI	1,149	877	76.33%	1,463	22,404
GHIMIRE	928	876	94.40%	1,464	26,313
COLEMAN	219,070	876	0.40%	1,465	107
HON	2,424	874	36.06%	1,466	12,732
GRIFFIN	198,406	873	0.44%	1,467	122
JAYARAMAN	920	871	94.67%	1,468	26,516
WING	12,614	869	6.89%	1,469	2,858
JENKINS	222,653	868	0.39%	1,470	102
BANO	1,069	868	81.20%	1,471	23,691
TYAGI	914	868	94.97%	1,472	26,654
HSUEH	910	868	95.38%	1,473	26,747
SACHDEVA	935	867	92.73%	1,474	26,171
AKTHER	895	867	96.87%	1,475	27,059
HUIE	2,701	867	32.10%	1,476	11,614
BAKSH	1,791	866	48.35%	1,477	16,150
ORDONEZ	18,498	866	4.68%	1,478	1,952
SIMPSON	163,181	865	0.53%	1,479	158
ALEX	5,476	865	15.80%	1,480	6,242
FELIPE	6,370	864	13.56%	1,481	5,462
KANEKO	1,114	864	77.56%	1,482	22,963
MATSUI	1,059	864	81.59%	1,483	23,852
WELLS	176,230	864	0.49%	1,484	147
PALMER	156,601	861	0.55%	1,485	172
RICHARDS	130,529	861	0.66%	1,486	228
RAJAGOPALAN	891	861	96.63%	1,487	27,164
STEPHEN	9,925	857	8.63%	1,488	3,585
PAREDES	27,274	854	3.13%	1,489	1,287
FUKUSHIMA	1,085	854	78.71%	1,490	23,432
FOX	152,334	853	0.56%	1,491	180
THAKER	924	853	92.32%	1,492	26,422
SOHAIL	921	853	92.62%	1,493	26,492
BAKSHI	1,010	852	84.36%	1,494	24,702
SUK	1,158	852	73.58%	1,495	22,260
RICE	149,500	852	0.57%	1,496	184
VEGA	116,673	852	0.73%	1,497	261
ANTONY	1,512	852	56.35%	1,498	18,326
AZAD	1,379	851	61.71%	1,499	19,567
SANKAR	1,405	850	60.50%	1,500	19,282
MASON	160,213	849	0.53%	1,501	166
SAWHNEY	962	848	88.15%	1,502	25,640
PUNZALAN	978	846	86.50%	1,503	25,314
KANE	50,584	845	1.67%	1,504	680
BAN	2,011	845	42.02%	1,505	14,768
KAY	24,337	844	3.47%	1,506	1,467
JENSEN	115,679	844	0.73%	1,507	265
SAR	1,091	844	77.36%	1,508	23,333
ANTHONY	55,114	843	1.53%	1,509	618
MADRID	25,854	843	3.26%	1,510	1,364
KURUVILLA	888	842	94.82%	1,511	27,228
BHULLAR	908	840	92.51%	1,512	26,795
KASHYAP	905	840	92.82%	1,513	26,853
QUADRI	1,084	840	77.49%	1,514	23,457
SANNICOLAS	1,462	839	57.39%	1,515	18,757
BALAJI	868	838	96.54%	1,516	27,707
WARREN	152,147	837	0.55%	1,517	181
DUBEY	1,818	837	46.04%	1,518	15,970
ARCEO	4,265	836	19.60%	1,519	7,782
BURKE	122,877	836	0.68%	1,520	246
RASHEED	2,822	835	29.59%	1,521	11,200
NGAN	864	835	96.64%	1,522	27,804
CHOHAN	942	834	88.54%	1,523	26,025
ISAAC	18,903	834	4.41%	1,524	1,898
TANABE	1,155	834	72.21%	1,525	22,319
WAHEED	1,279	833	65.13%	1,526	20,687
SAMRA	1,386	832	60.03%	1,527	19,489
FORD	184,832	832	0.45%	1,528	137
MOE	11,150	831	7.45%	1,529	3,238
KOJIMA	950	831	87.47%	1,530	25,889
SHIU	917	831	90.62%	1,531	26,576
AGCAOILI	1,009	831	82.36%	1,532	24,718
OUM	885	831	93.90%	1,533	27,303
SRIRAM	870	831	95.52%	1,534	27,646
CHANDRASEKARAN	862	831	96.40%	1,535	27,845
DEOCAMPO	1,023	830	81.13%	1,536	24,466
QUIJANO	5,110	830	16.24%	1,537	6,628
SIVAKUMAR	852	829	97.30%	1,538	28,100
HOFFMAN	131,401	828	0.63%	1,539	224
GOO	1,299	828	63.74%	1,540	20,449
QIAO	841	827	98.34%	1,541	28,380
GOPALAKRISHNAN	849	827	97.41%	1,542	28,176
HILARIO	3,854	827	21.46%	1,543	8,541
SAMONTE	982	826	84.11%	1,544	25,226
JHAVERI	896	826	92.19%	1,545	27,042
VENKATARAMAN	856	825	96.38%	1,546	28,001
DIONISIO	1,934	824	42.61%	1,547	15,223
ROJAS	108,421	824	0.76%	1,548	285
OK	961	823	85.64%	1,549	25,659
RAJPUT	897	823	91.75%	1,550	27,021
NAZARENO	954	821	86.06%	1,551	25,810
ASATO	1,041	820	78.77%	1,552	24,159
BLACK	154,738	820	0.53%	1,553	174
BUSTAMANTE	24,536	820	3.34%	1,554	1,454
IBARRA	66,063	819	1.24%	1,555	507
CARROLL	134,317	819	0.61%	1,556	215
LANE	134,227	819	0.61%	1,557	216
KURIAKOSE	853	819	96.01%	1,558	28,065
RAJENDRAN	866	819	94.57%	1,559	27,756
DAR	1,087	819	75.34%	1,560	23,397
JEE	993	816	82.18%	1,561	25,020
PAWAR	902	815	90.35%	1,562	26,910
BENITEZ	51,288	815	1.59%	1,563	666
MATTHEWS	131,303	814	0.62%	1,564	226
MING	3,764	814	21.63%	1,565	8,718
YASUDA	991	813	82.04%	1,566	25,064
FUJIWARA	1,019	813	79.78%	1,567	24,531
SUI	880	813	92.39%	1,568	27,411
MOHANTY	879	813	92.49%	1,569	27,435
SHRIVASTAVA	863	811	93.97%	1,570	27,818
WIDJAJA	859	810	94.30%	1,571	27,918
JAMIL	1,484	810	54.58%	1,572	18,579
LATU	980	807	82.35%	1,573	25,272
CRAWFORD	164,457	806	0.49%	1,574	156
GENG	1,146	805	70.24%	1,575	22,450
FURUKAWA	1,019	805	79.00%	1,576	24,531
SUE	1,480	805	54.39%	1,577	18,609
HAFEEZ	988	804	81.38%	1,578	25,115
TAMASHIRO	1,073	804	74.93%	1,579	23,634
SHIROMA	1,110	804	72.43%	1,580	23,019
KOGA	1,146	804	70.16%	1,581	22,450
YOUSUF	1,243	802	64.52%	1,582	21,119
BASILIO	3,015	801	26.57%	1,583	10,620
OKAZAKI	982	801	81.57%	1,584	25,226
OOMMEN	846	801	94.68%	1,585	28,263
SHA	1,058	801	75.71%	1,586	23,866
KUBO	1,112	800	71.94%	1,587	22,989
GARDNER	142,894	800	0.56%	1,588	194
BACCHUS	3,325	800	24.06%	1,589	9,747
RASTOGI	834	800	95.92%	1,590	28,587
ROBERTSON	153,666	799	0.52%	1,591	175
BUSTOS	17,040	799	4.69%	1,592	2,129
KYAW	858	798	93.01%	1,593	27,950
DASARI	832	797	95.79%	1,594	28,650
MOSES	39,216	796	2.03%	1,595	887
MATSUOKA	1,008	796	78.97%	1,596	24,736
DASS	1,446	796	55.05%	1,597	18,888
GOWDA	858	795	92.66%	1,598	27,950
SALIM	2,364	795	33.63%	1,599	12,986
SABADO	1,425	794	55.72%	1,600	19,097
TY	955	794	83.14%	1,601	25,793
MICHAEL	40,736	794	1.95%	1,602	847
BORROMEO	1,121	793	70.74%	1,603	22,838
VIERNES	1,191	792	66.50%	1,604	21,830
CARDENAS	77,652	792	1.02%	1,605	418
ARNOLD	138,893	792	0.57%	1,606	201
BRAVO	41,700	792	1.90%	1,607	828
SHIMADA	950	791	83.26%	1,608	25,889
YAMANE	1,063	791	74.41%	1,609	23,785
VENKATESAN	849	791	93.17%	1,610	28,176
IWAMOTO	989	790	79.88%	1,611	25,102
JULIAN	15,520	790	5.09%	1,612	2,349
TEE	1,557	790	50.74%	1,613	17,951
PANJWANI	846	789	93.26%	1,614	28,263
TOYAMA	1,003	789	78.66%	1,615	24,822
GUINTO	1,234	788	63.86%	1,616	21,251
OLIVER	115,900	788	0.68%	1,617	264
HEM	1,021	787	77.08%	1,618	24,499
CHANDRAN	858	787	91.72%	1,619	27,950
NARANG	860	785	91.28%	1,620	27,898
NATHAN	8,300	785	9.46%	1,621	4,284
VIDAL	18,677	784	4.20%	1,622	1,933
UEHARA	946	784	82.88%	1,623	25,954
MATSUMURA	1,026	784	76.41%	1,624	24,404
LIE	1,083	784	72.39%	1,625	23,472
BOYD	153,469	783	0.51%	1,626	176
ARMSTRONG	135,044	783	0.58%	1,627	213
BERMUDEZ	26,691	782	2.93%	1,628	1,316
ANDAYA	1,152	782	67.88%	1,629	22,359
MEDRANO	40,261	781	1.94%	1,630	858
IMAI	1,059	781	73.75%	1,631	23,852
DHAWAN	868	781	89.98%	1,632	27,707
SUGIMOTO	960	780	81.25%	1,633	25,684
WADHWA	879	780	88.74%	1,634	27,435
ZHAI	806	780	96.77%	1,635	29,334
HUNTER	162,440	780	0.48%	1,636	160
RAJESH	805	779	96.77%	1,637	29,366
BACANI	928	778	83.84%	1,638	26,313
HANSON	111,144	778	0.70%	1,639	276
WEBB	168,878	777	0.46%	1,640	152
ZUO	857	777	90.67%	1,641	27,974
TSOI	857	776	90.55%	1,642	27,974
MENDEZ	161,717	776	0.48%	1,643	162
MILLS	151,942	775	0.51%	1,644	182
YAMASHIRO	1,015	775	76.35%	1,645	24,608
IWASAKI	943	774	82.08%	1,646	26,008
KOU	875	774	88.46%	1,647	27,534
DHAKAL	814	774	95.09%	1,648	29,117
KELLEY	140,693	774	0.55%	1,649	198
EM	885	773	87.34%	1,650	27,303
KIKUCHI	960	772	80.42%	1,651	25,684
MONG	2,307	772	33.46%	1,652	13,236
SAYAVONG	830	772	93.01%	1,653	28,704
TAYAG	839	771	91.90%	1,654	28,437
VALERA	3,944	770	19.52%	1,655	8,392
HOGUE	16,457	770	4.68%	1,656	2,213
ARCE	19,464	769	3.95%	1,657	1,844
HART	137,184	768	0.56%	1,658	207
CHHUN	812	768	94.58%	1,659	29,171
VASUDEVAN	793	768	96.85%	1,660	29,693
ZAPANTA	894	768	85.91%	1,661	27,081
RAJAGOPAL	823	767	93.20%	1,662	28,883
ANDRADA	1,548	767	49.55%	1,663	18,028
MOJICA	14,737	766	5.20%	1,664	2,450
SARKER	834	766	91.85%	1,665	28,587
NAING	802	766	95.51%	1,666	29,447
TAKEMOTO	1,004	765	76.20%	1,667	24,802
ARAKAWA	1,015	765	75.37%	1,668	24,608
DACANAY	993	764	76.94%	1,669	25,020
ARYA	996	764	76.71%	1,670	24,961
FLORENDO	1,026	764	74.46%	1,671	24,404
JIAO	792	763	96.34%	1,672	29,719
MADAN	1,257	763	60.70%	1,673	20,949
MUNIR	1,078	762	70.69%	1,674	23,555
MARCOS	5,052	762	15.08%	1,675	6,688
PAZ	25,574	762	2.98%	1,676	1,384
ESPINO	15,997	761	4.76%	1,677	2,278
TEP	846	761	89.95%	1,678	28,263
CHHIM	813	761	93.60%	1,679	29,138
PADMANABHAN	800	760	95.00%	1,680	29,502
LEDESMA	20,311	760	3.74%	1,681	1,768
CUEVAS	43,701	760	1.74%	1,682	790
NEPOMUCENO	1,381	759	54.96%	1,683	19,551
ASGHAR	838	759	90.57%	1,684	28,465
NAZIR	992	758	76.41%	1,685	25,037
NICHOLS	145,584	757	0.52%	1,686	189
THAMMAVONGSA	803	757	94.27%	1,687	29,422
FEI	897	756	84.28%	1,688	27,021
SIT	859	754	87.78%	1,689	27,918
TUCKER	167,446	754	0.45%	1,690	153
DELAPAZ	6,404	754	11.77%	1,691	5,436
ALEJO	6,339	753	11.88%	1,692	5,486
PARTHASARATHY	777	753	96.91%	1,693	30,165
DOLMA	781	752	96.29%	1,694	30,043
MIYAKE	961	752	78.25%	1,695	25,659
NISHIKAWA	949	752	79.24%	1,696	25,902
BRYANT	192,773	752	0.39%	1,697	128
ARAKI	1,469	751	51.12%	1,698	18,703
LEANO	1,188	751	63.22%	1,699	21,868
BO	1,348	750	55.64%	1,700	19,911
DUTT	1,622	750	46.24%	1,701	17,398
ANJUM	812	749	92.24%	1,702	29,171
KAUSHIK	795	749	94.21%	1,703	29,626
GATCHALIAN	810	749	92.47%	1,704	29,231
CERVANTES	82,161	748	0.91%	1,705	387
DANIELS	146,570	748	0.51%	1,706	187
WEAVER	143,837	748	0.52%	1,707	192
GOROSPE	1,059	748	70.63%	1,708	23,852
TSERING	790	746	94.43%	1,709	29,768
WOODS	177,425	745	0.42%	1,710	144
BERRY	132,812	744	0.56%	1,711	222
MEHROTRA	793	744	93.82%	1,712	29,693
DELMUNDO	806	744	92.31%	1,713	29,334
VINCENT	53,095	743	1.40%	1,714	641
SADIQ	1,279	743	58.09%	1,715	20,687
ALEJANDRO	7,770	742	9.55%	1,716	4,563
VILLAREAL	9,614	741	7.71%	1,717	3,693
GRANT	142,277	740	0.52%	1,718	196
CARPENTER	129,898	740	0.57%	1,719	231
TSAN	825	740	89.70%	1,720	28,829
SREY	794	739	93.07%	1,721	29,661
MORRISON	121,130	739	0.61%	1,722	250
OHARA	21,710	738	3.40%	1,723	1,660
SAEPHANH	762	738	96.85%	1,724	30,600
TECSON	837	737	88.05%	1,725	28,498
LEO	8,039	737	9.17%	1,726	4,423
NIJJAR	776	736	94.85%	1,727	30,202
SODHI	812	736	90.64%	1,728	29,171
BUKHARI	907	736	81.15%	1,729	26,814
PIERCE	138,629	735	0.53%	1,730	202
POKHREL	777	735	94.59%	1,731	30,165
HUQ	812	735	90.52%	1,732	29,171
CAM	1,300	735	56.54%	1,733	20,434
AGUILA	6,103	734	12.03%	1,734	5,683
KRISHNAMOORTHY	752	733	97.47%	1,735	30,916
ELLIOTT	135,765	733	0.54%	1,736	210
MAYO	35,228	733	2.08%	1,737	989
SATTAR	958	732	76.41%	1,738	25,725
TEA	1,146	731	63.79%	1,739	22,450
RANGANATHAN	755	731	96.82%	1,740	30,825
OZA	804	730	90.80%	1,741	29,403
SALINAS	81,156	730	0.90%	1,742	393
AUSTIN	119,706	730	0.61%	1,743	253
MONTEMAYOR	8,106	729	8.99%	1,744	4,386
CHAPMAN	127,939	729	0.57%	1,745	236
SOONG	889	729	82.00%	1,746	27,204
KAWAGUCHI	957	728	76.07%	1,747	25,751
AKIYAMA	929	728	78.36%	1,748	26,282
HSIUNG	767	728	94.92%	1,749	30,442
KODAMA	950	726	76.42%	1,750	25,889
CONG	861	726	84.32%	1,751	27,869
GHANI	1,179	726	61.58%	1,752	22,000
PANGELINAN	1,182	725	61.34%	1,753	21,960
NARASIMHAN	756	725	95.90%	1,754	30,799
BALUYOT	771	725	94.03%	1,755	30,339
DAYRIT	782	725	92.71%	1,756	30,013
MANGAT	794	725	91.31%	1,757	29,661
JENG	899	725	80.65%	1,758	26,975
FAROOQI	866	725	83.72%	1,759	27,756
LABRADOR	2,036	724	35.56%	1,760	14,617
YUM	781	724	92.70%	1,761	30,043
HIPOLITO	2,890	724	25.05%	1,762	11,007
JAISWAL	747	723	96.79%	1,763	31,068
MANALANG	789	722	91.51%	1,764	29,793
SIA	943	722	76.56%	1,765	26,008
OYAMA	962	721	74.95%	1,766	25,640
YADAO	1,018	721	70.83%	1,767	24,554
HEGDE	763	721	94.50%	1,768	30,570
JIAN	788	721	91.50%	1,769	29,822
NEPAL	796	721	90.58%	1,770	29,604
LIWANAG	819	720	87.91%	1,771	28,998
GUNAWAN	771	720	93.39%	1,772	30,339
VALERIO	13,482	720	5.34%	1,773	2,675
LEM	1,161	720	62.02%	1,774	22,216
CUNNINGHAM	135,718	719	0.53%	1,775	211
MAJEED	1,472	719	48.85%	1,776	18,676
GILANI	976	717	73.46%	1,777	25,356
UEDA	835	717	85.87%	1,778	28,552
JIWANI	772	717	92.88%	1,779	30,303
MEHMOOD	805	717	89.07%	1,780	29,366
STANLEY	96,867	717	0.74%	1,781	321
CONTRERAS	130,164	716	0.55%	1,782	229
YAMBAO	770	716	92.99%	1,783	30,367
ALBA	13,347	715	5.36%	1,784	2,699
IWATA	859	714	83.12%	1,785	27,918
RHO	824	714	86.65%	1,786	28,856
TSOU	786	714	90.84%	1,787	29,878
NGU	829	713	86.01%	1,788	28,729
TAK	824	713	86.53%	1,789	28,856
MURALI	746	713	95.58%	1,790	31,107
HALIM	1,352	713	52.74%	1,791	19,878
KALE	3,864	713	18.45%	1,792	8,518
DARJI	762	712	93.44%	1,793	30,600
VITUG	806	712	88.34%	1,794	29,334
AREVALO	23,895	712	2.98%	1,795	1,499
KNIGHT	136,713	711	0.52%	1,796	209
BISHOP	116,618	711	0.61%	1,797	262
MAHESHWARI	741	711	95.95%	1,798	31,285
PONG	861	711	82.58%	1,799	27,869
CHHETRI	752	710	94.41%	1,800	30,916
GIRI	789	710	89.99%	1,801	29,793
SANDOVAL	128,948	709	0.55%	1,802	233
BASSI	1,666	709	42.56%	1,803	17,047
KONO	1,211	709	58.55%	1,804	21,553
ALVARADO	133,501	708	0.53%	1,805	219
ROMAN	72,918	707	0.97%	1,806	452
NONG	758	707	93.27%	1,807	30,735
FNU	762	706	92.65%	1,808	30,600
YOSHIKAWA	884	705	79.75%	1,809	27,331
PANGAN	853	704	82.53%	1,810	28,065
ALBERTO	6,528	704	10.78%	1,811	5,335
VICTORIA	6,989	703	10.06%	1,812	5,023
DUNCAN	135,187	703	0.52%	1,813	212
PRADO	23,436	703	3.00%	1,814	1,533
KIRK	54,394	702	1.29%	1,815	623
COLLADO	9,201	702	7.63%	1,816	3,851
CUNG	736	702	95.38%	1,817	31,453
VINH	749	702	93.72%	1,818	31,001
PROM	1,487	702	47.21%	1,819	18,550
PAR	1,052	701	66.63%	1,820	23,978
FUKUMOTO	833	701	84.15%	1,821	28,618
MAGAT	818	701	85.70%	1,822	29,019
DHINGRA	734	700	95.37%	1,823	31,516
JACOBS	118,614	700	0.59%	1,824	257
SOHAL	746	699	93.70%	1,825	31,107
SHAFI	981	699	71.25%	1,826	25,255
CHIM	882	699	79.25%	1,827	27,376
ALMAZAN	6,265	698	11.14%	1,828	5,549
POUDEL	738	698	94.58%	1,829	31,383
KADAKIA	721	697	96.67%	1,830	31,994
BE	1,146	697	60.82%	1,831	22,450
PERKINS	131,440	697	0.53%	1,832	223
COSTA	38,265	696	1.82%	1,833	904
MYUNG	721	696	96.53%	1,834	31,994
MUNSHI	766	695	90.73%	1,835	30,477
BARRERA	60,998	695	1.14%	1,836	550
ROSETE	1,838	695	37.81%	1,837	15,833
DAN	2,599	695	26.74%	1,838	12,012
BECK	93,786	694	0.74%	1,839	328
LYNCH	117,708	694	0.59%	1,840	259
SAHNI	772	693	89.77%	1,841	30,303
KHALIL	6,983	693	9.92%	1,842	5,024
SALLEE	6,929	693	10.00%	1,843	5,062
SOUZA	22,373	691	3.09%	1,844	1,601
SHON	913	691	75.68%	1,845	26,671
IBANEZ	8,614	690	8.01%	1,846	4,121
WEBER	109,433	689	0.63%	1,847	283
UYEHARA	860	689	80.12%	1,848	27,898
SHANMUGAM	721	689	95.56%	1,849	31,994
PRABHAKAR	749	688	91.86%	1,850	31,001
ALVI	780	688	88.21%	1,851	30,076
NOBLE	41,667	688	1.65%	1,852	829
VEA	1,123	688	61.26%	1,853	22,809
MAJID	1,200	688	57.33%	1,854	21,700
JAVAID	729	687	94.24%	1,855	31,689
BACCAM	802	687	85.66%	1,856	29,447
CHIEM	701	686	97.86%	1,857	32,750
TALWAR	784	686	87.50%	1,858	29,947
NITTA	1,439	686	47.67%	1,859	18,961
DIXON	159,480	686	0.43%	1,860	167
BAROT	772	685	88.73%	1,861	30,303
BUMANGLAG	804	684	85.07%	1,862	29,403
MONTGOMERY	115,953	684	0.59%	1,863	263
MALLARD	6,583	684	10.39%	1,864	5,289
RILEY	133,872	683	0.51%	1,865	217
WALSH	105,079	683	0.65%	1,866	295
SUGIYAMA	838	683	81.50%	1,867	28,465
KHOO	729	682	93.55%	1,868	31,689
KYI	724	681	94.06%	1,869	31,873
CHALLA	802	681	84.91%	1,870	29,447
DUQUE	8,058	681	8.45%	1,871	4,407
BENSON	86,081	680	0.79%	1,872	365
BURGOS	25,169	680	2.70%	1,873	1,411
MATSUURA	851	680	79.91%	1,874	28,131
OM	784	680	86.73%	1,875	29,947
ADRIANO	1,486	680	45.76%	1,876	18,561
REID	111,360	679	0.61%	1,877	275
PANNU	719	679	94.44%	1,878	32,079
ISHIHARA	839	679	80.93%	1,879	28,437
YOSHIMOTO	847	678	80.05%	1,880	28,241
VILLAR	5,530	678	12.26%	1,881	6,186
MATSUNAGA	819	678	82.78%	1,882	28,998
BADUA	839	677	80.69%	1,883	28,437
SANJOSE	1,027	676	65.82%	1,884	24,388
KAUSHAL	725	676	93.24%	1,885	31,824
FOK	726	676	93.11%	1,886	31,790
PULIDO	18,942	676	3.57%	1,887	1,894
DAVIDSON	103,930	676	0.65%	1,888	301
GASPAR	11,251	675	6.00%	1,889	3,210
TAKATA	899	675	75.08%	1,890	26,975
LAGMAN	880	675	76.70%	1,891	27,411
PAPA	6,005	674	11.22%	1,892	5,768
GONSALVES	8,494	673	7.92%	1,893	4,173
RATH	6,747	672	9.96%	1,894	5,178
USMAN	1,024	672	65.63%	1,895	24,446
JADHAV	689	672	97.53%	1,896	33,196
SUNDAR	801	672	83.90%	1,897	29,473
HAWKINS	139,751	671	0.48%	1,898	200
BARRETT	100,104	671	0.67%	1,899	314
ALBERT	32,507	670	2.06%	1,900	1,076
YANO	1,005	669	66.57%	1,901	24,787
VILLAMOR	1,050	669	63.71%	1,902	24,012
HUDA	903	667	73.86%	1,903	26,887
EUSEBIO	2,035	667	32.78%	1,904	14,624
ANDO	1,126	667	59.24%	1,905	22,749
HUSSAINI	966	666	68.94%	1,906	25,555
MUKAI	931	666	71.54%	1,907	26,243
KHOSLA	783	666	85.06%	1,908	29,986
FRANK	67,304	666	0.99%	1,909	499
BLAS	3,612	666	18.44%	1,910	9,045
RAFIQ	893	665	74.47%	1,911	27,110
PASHA	1,402	665	47.43%	1,912	19,306
HICKS	158,320	665	0.42%	1,913	170
STEPHENS	144,646	665	0.46%	1,914	190
HUNDAL	728	665	91.35%	1,915	31,724
HERR	11,980	664	5.54%	1,916	2,990
WILLIS	130,152	664	0.51%	1,917	230
SALONGA	724	663	91.57%	1,918	31,873
MANDAL	822	663	80.66%	1,919	28,909
THAMMAVONG	715	662	92.59%	1,920	32,236
SIHARATH	730	662	90.68%	1,921	31,656
SOH	757	662	87.45%	1,922	30,767
DER	980	662	67.55%	1,923	25,272
FULLER	110,116	661	0.60%	1,924	281
CORONEL	7,745	660	8.52%	1,925	4,582
HY	835	660	79.04%	1,926	28,552
ALLY	1,653	660	39.93%	1,927	17,142
AUGUSTINE	14,268	659	4.62%	1,928	2,536
PHONG	707	659	93.21%	1,929	32,524
KHIM	708	659	93.08%	1,930	32,485
MAM	741	659	88.93%	1,931	31,285
VIEN	1,031	659	63.92%	1,932	24,325
RAMPERSAUD	1,138	659	57.91%	1,933	22,573
SAKATA	851	658	77.32%	1,934	28,131
HOLMES	156,780	658	0.42%	1,935	171
OWENS	182,719	658	0.36%	1,936	140
TENORIO	8,629	658	7.63%	1,937	4,111
DHAMI	711	658	92.55%	1,938	32,365
MAJUMDAR	703	657	93.46%	1,939	32,676
BERNARDINO	3,111	657	21.12%	1,940	10,358
GADDAM	685	656	95.77%	1,941	33,343
TEJADA	14,903	656	4.40%	1,942	2,432
GIRON	15,786	655	4.15%	1,943	2,311
GILBERT	114,940	655	0.57%	1,944	268
ESTACIO	1,099	655	59.60%	1,945	23,205
CORREA	38,232	654	1.71%	1,946	905
CALMA	916	654	71.40%	1,947	26,598
SUMIDA	846	653	77.19%	1,948	28,263
HIGUCHI	825	653	79.15%	1,949	28,829
MON	1,198	653	54.51%	1,950	21,717
KOLLI	697	651	93.40%	1,951	32,900
SAHU	710	651	91.69%	1,952	32,396
DAYAL	786	651	82.82%	1,953	29,878
HEU	796	651	81.78%	1,954	29,604
FRANKLIN	120,621	651	0.54%	1,955	251
PANDA	817	650	79.56%	1,956	29,041
MARUYAMA	848	650	76.65%	1,957	28,215
PI	1,006	650	64.61%	1,958	24,762
NARAIN	1,029	649	63.07%	1,959	24,352
CARANDANG	702	649	92.45%	1,960	32,710
SRINIVAS	683	649	95.02%	1,961	33,410
MADRIAGA	813	648	79.70%	1,962	29,138
ALEGRE	2,022	647	32.00%	1,963	14,704
TAILOR	851	646	75.91%	1,964	28,131
HEE	1,157	646	55.83%	1,965	22,281
ABID	1,048	645	61.55%	1,966	24,049
MAREDIA	664	645	97.14%	1,967	34,185
JOAQUIN	3,559	644	18.09%	1,968	9,172
NAKANISHI	849	643	75.74%	1,969	28,176
NAGAI	761	643	84.49%	1,970	30,630
SAMAROO	1,471	643	43.71%	1,971	18,685
THOTA	667	643	96.40%	1,972	34,073
NAZ	744	642	86.29%	1,973	31,184
PAYNE	142,601	642	0.45%	1,974	195
LOUIS	23,738	641	2.70%	1,975	1,510
NAGRA	714	641	89.78%	1,976	32,268
KAMDAR	734	641	87.33%	1,977	31,516
KAR	974	640	65.71%	1,978	25,403
ADACHI	851	640	75.21%	1,979	28,131
DEE	6,275	640	10.20%	1,980	5,535
CHAUDRY	827	639	77.27%	1,981	28,777
ARAI	820	639	77.93%	1,982	28,967
DE	1,123	638	56.81%	1,983	22,809
KODALI	651	638	98.00%	1,984	34,707
KI	784	637	81.25%	1,985	29,947
SOTO	144,451	636	0.44%	1,986	191
SALAM	1,280	635	49.61%	1,987	20,676
BALL	66,059	634	0.96%	1,988	508
NAKAJIMA	710	634	89.30%	1,989	32,396
LAC	696	633	90.95%	1,990	32,935
DEMESA	821	633	77.10%	1,991	28,940
KOTA	904	633	70.02%	1,992	26,873
PYO	715	632	88.39%	1,993	32,236
DHANANI	729	632	86.69%	1,994	31,689
MIZUNO	761	632	83.05%	1,995	30,630
SESHADRI	677	631	93.21%	1,996	33,645
PHA	654	630	96.33%	1,997	34,574
SHEA	33,329	630	1.89%	1,998	1,048
SANPEDRO	1,263	630	49.88%	1,999	20,871
HING	980	629	64.18%	2,000	25,272