GARCIA	1,166,120	1,073,180	92.03%	1	6
RODRIGUEZ	1,094,924	1,026,710	93.77%	2	9
HERNANDEZ	1,043,281	989,969	94.89%	3	11
MARTINEZ	1,060,159	984,994	92.91%	4	10
LOPEZ	874,523	812,607	92.92%	5	12
GONZALEZ	841,025	798,721	94.97%	6	13
PEREZ	681,645	633,589	92.95%	7	22
SANCHEZ	612,752	569,798	92.99%	8	26
RAMIREZ	557,423	526,653	94.48%	9	28
TORRES	437,813	403,488	92.16%	10	37
FLORES	433,969	398,991	91.94%	11	40
RIVERA	391,114	356,148	91.06%	12	46
GOMEZ	365,655	338,597	92.60%	13	51
DIAZ	347,636	321,772	92.56%	14	55
CRUZ	334,201	293,696	87.88%	15	57
MORALES	311,777	290,670	93.23%	16	63
REYES	327,904	290,457	88.58%	17	60
GUTIERREZ	293,218	273,660	93.33%	18	67
ORTIZ	286,899	267,132	93.11%	19	68
CHAVEZ	250,898	233,235	92.96%	20	83
RAMOS	263,464	228,660	86.79%	21	76
RUIZ	238,234	221,296	92.89%	22	89
MENDOZA	242,771	218,421	89.97%	23	88
ALVAREZ	233,983	216,317	92.45%	24	92
JIMENEZ	227,118	213,423	93.97%	25	100
CASTILLO	230,420	207,977	90.26%	26	93
VASQUEZ	212,781	198,248	93.17%	27	113
ROMERO	208,614	184,623	88.50%	28	115
MORENO	196,925	181,624	92.23%	29	124
GONZALES	214,758	180,526	84.06%	30	111
HERRERA	192,711	179,279	93.03%	31	129
AGUILAR	186,512	174,053	93.32%	32	134
MEDINA	188,497	171,834	91.16%	33	133
VARGAS	173,835	161,527	92.92%	34	148
CASTRO	184,134	160,970	87.42%	35	138
GUZMAN	167,044	156,637	93.77%	36	154
MENDEZ	161,717	151,739	93.83%	37	162
FERNANDEZ	180,842	151,148	83.58%	38	142
MUNOZ	158,483	148,150	93.48%	39	168
SALAZAR	152,703	139,952	91.65%	40	179
GARZA	147,005	135,965	92.49%	41	186
SOTO	144,451	134,989	93.45%	42	191
VAZQUEZ	138,322	132,443	95.75%	43	203
ALVARADO	133,501	126,052	94.42%	44	219
CONTRERAS	130,164	123,187	94.64%	45	229
DELGADO	132,985	122,971	92.47%	46	221
PENA	130,776	120,968	92.50%	47	227
RIOS	127,794	119,628	93.61%	48	237
GUERRERO	128,677	118,730	92.27%	49	234
SANDOVAL	128,948	118,542	91.93%	50	233
ORTEGA	127,256	118,488	93.11%	51	239
ESTRADA	127,470	118,369	92.86%	52	238
NUNEZ	125,350	116,225	92.72%	53	242
MALDONADO	121,526	113,882	93.71%	54	249
DOMINGUEZ	119,304	111,060	93.09%	55	254
VALDEZ	124,995	110,821	88.66%	56	244
VEGA	116,673	108,133	92.68%	57	261
SANTIAGO	122,212	107,620	88.06%	58	248
ESPINOZA	112,154	106,445	94.91%	59	271
ROJAS	108,421	102,414	94.46%	60	285
SILVA	161,633	99,146	61.34%	61	163
MEJIA	104,057	98,344	94.51%	62	300
MARQUEZ	107,533	97,532	90.70%	63	287
JUAREZ	101,949	97,524	95.66%	64	306
PADILLA	105,365	94,997	90.16%	65	293
LUNA	104,518	92,791	88.78%	66	298
ACOSTA	103,418	92,538	89.48%	67	302
FIGUEROA	98,468	91,398	92.82%	68	316
CORTEZ	101,694	91,169	89.65%	69	310
AVILA	97,314	88,517	90.96%	70	318
NAVARRO	99,807	87,970	88.14%	71	315
MOLINA	96,979	87,591	90.32%	72	320
AYALA	92,463	87,146	94.25%	73	333
CAMPOS	96,111	87,000	90.52%	74	323
SANTOS	137,232	85,358	62.20%	75	206
CARRILLO	91,129	85,051	93.33%	76	340
CERVANTES	82,161	78,308	95.31%	77	387
DURAN	89,401	77,877	87.11%	78	349
LARA	83,067	76,654	92.28%	79	381
CABRERA	83,621	76,112	91.02%	80	376
SOLIS	82,146	75,928	92.43%	81	388
MIRANDA	93,628	75,811	80.97%	82	330
ROBLES	82,458	75,680	91.78%	83	386
FUENTES	81,006	75,530	93.24%	84	394
SALINAS	81,156	75,378	92.88%	85	393
VELASQUEZ	80,364	74,112	92.22%	86	398
OCHOA	78,677	74,027	94.09%	87	408
AGUIRRE	79,517	73,903	92.94%	88	401
LEON	86,363	73,590	85.21%	89	363
CARDENAS	77,652	72,760	93.70%	90	418
DELEON	87,414	72,606	83.06%	91	359
RIVAS	76,205	71,381	93.67%	92	426
CALDERON	77,085	71,342	92.55%	93	421
ROSALES	75,185	70,080	93.21%	94	431
SERRANO	75,996	68,655	90.34%	95	429
CASTANEDA	71,368	66,672	93.42%	96	464
TRUJILLO	73,664	65,664	89.14%	97	448
MONTOYA	71,844	63,539	88.44%	98	459
PACHECO	77,642	63,224	81.43%	99	419
OROZCO	65,904	63,110	95.76%	100	512
IBARRA	66,063	62,971	95.32%	101	507
VALENCIA	70,000	62,461	89.23%	102	475
GALLEGOS	68,373	62,144	90.89%	103	486
VELAZQUEZ	63,736	61,155	95.95%	104	530
CAMACHO	67,893	60,805	89.56%	105	493
GUERRA	70,071	60,674	86.59%	106	473
COLON	67,338	60,436	89.75%	107	497
ESCOBAR	64,403	59,534	92.44%	108	520
SUAREZ	66,013	59,491	90.12%	109	510
SALAS	65,468	59,065	90.22%	110	513
SMITH	2,442,977	58,631	2.40%	111	1
MACIAS	62,227	58,580	94.14%	112	538
VILLARREAL	61,355	56,968	92.85%	113	547
BARRERA	60,998	56,838	93.18%	114	550
FRANCO	69,943	56,654	81.00%	115	476
ZAMORA	61,729	56,303	91.21%	116	540
DELACRUZ	72,109	55,697	77.24%	117	458
SANTANA	60,667	55,565	91.59%	118	556
ROMAN	72,918	55,177	75.67%	119	452
PINEDA	60,820	55,145	90.67%	120	553
TREVINO	59,882	54,529	91.06%	121	562
RANGEL	57,549	53,532	93.02%	122	578
ARIAS	57,477	53,494	93.07%	123	581
LOZANO	57,779	53,001	91.73%	124	577
ZUNIGA	56,347	52,921	93.92%	125	600
MERCADO	60,761	52,589	86.55%	126	555
MELENDEZ	56,230	52,339	93.08%	127	603
MORA	57,464	52,057	90.59%	128	583
VALENZUELA	57,383	51,851	90.36%	129	584
ANDRADE	65,037	50,852	78.19%	130	516
MEZA	53,230	50,851	95.53%	131	639
VILLANUEVA	61,883	50,602	81.77%	132	539
GALVAN	53,822	49,656	92.26%	133	630
TAPIA	52,651	49,250	93.54%	134	647
ZAVALA	51,153	49,173	96.13%	135	667
SOSA	52,457	48,948	93.31%	136	650
VELEZ	53,265	48,487	91.03%	137	638
CISNEROS	50,920	48,237	94.73%	138	670
BENITEZ	51,288	48,139	93.86%	139	666
ACEVEDO	51,351	48,034	93.54%	140	665
BONILLA	51,475	47,990	93.23%	141	664
ARROYO	50,614	47,228	93.31%	142	678
VILLA	52,817	46,870	88.74%	143	644
RUBIO	50,788	46,745	92.04%	144	673
BAUTISTA	60,264	46,283	76.80%	145	558
ARELLANO	50,104	46,156	92.12%	146	687
JOHNSON	1,932,812	45,614	2.36%	147	2
PONCE	49,549	45,531	91.89%	148	695
HUERTA	47,455	45,305	95.47%	149	735
BELTRAN	49,776	45,221	90.85%	150	692
ROCHA	55,251	44,798	81.08%	151	613
VILLEGAS	48,599	44,653	91.88%	152	716
CANTU	49,126	44,651	90.89%	153	704
MONTES	48,142	44,570	92.58%	154	723
BARAJAS	45,153	43,555	96.46%	155	763
MATA	48,120	43,496	90.39%	156	724
MURILLO	45,558	42,752	93.84%	157	757
ROSAS	44,938	42,727	95.08%	158	765
CORTES	46,229	42,716	92.40%	159	751
GUEVARA	46,454	42,691	91.90%	160	746
SALGADO	45,469	42,677	93.86%	161	759
ROSARIO	48,051	41,814	87.02%	162	725
PALACIOS	43,798	41,192	94.05%	163	789
DAVILA	44,388	40,815	91.95%	164	774
WILLIAMS	1,625,252	40,469	2.49%	165	3
ESPARZA	42,559	40,078	94.17%	166	816
CUEVAS	43,701	39,436	90.24%	167	790
CORDOVA	45,305	39,193	86.51%	168	762
MARTIN	702,625	39,066	5.56%	169	20
TREJO	41,021	39,023	95.13%	170	843
QUINTERO	41,158	38,726	94.09%	171	839
MARIN	43,904	38,012	86.58%	172	784
BRAVO	41,700	37,780	90.60%	173	828
CORONA	41,553	37,514	90.28%	174	832
MEDRANO	40,261	37,435	92.98%	175	858
NAVA	39,670	37,195	93.76%	176	874
MAGANA	39,105	37,111	94.90%	177	888
DEJESUS	44,038	36,957	83.92%	178	783
BROWN	1,437,026	36,213	2.52%	179	4
PORTILLO	37,890	35,905	94.76%	180	914
VILLALOBOS	37,754	35,806	94.84%	181	919
ENRIQUEZ	41,271	35,704	86.51%	182	837
ESQUIVEL	37,578	35,571	94.66%	183	925
AVALOS	36,922	35,382	95.83%	184	940
BERNAL	39,693	35,144	88.54%	185	873
LUGO	37,903	34,571	91.21%	186	913
DUARTE	42,983	34,382	79.99%	187	808
CANO	37,368	34,106	91.27%	188	931
PARRA	36,765	33,930	92.29%	189	943
ESPINOSA	38,667	33,892	87.65%	190	896
GALINDO	36,429	33,751	92.65%	191	954
DELAROSA	37,932	33,703	88.85%	192	910
QUINTANA	37,657	33,534	89.05%	193	923
ALFARO	35,725	33,317	93.26%	194	975
JARAMILLO	36,755	33,182	90.28%	195	945
LUCERO	39,986	32,952	82.41%	196	865
CORREA	38,232	32,646	85.39%	197	905
JONES	1,425,470	32,643	2.29%	198	5
REYNA	35,291	32,619	92.43%	199	987
SIERRA	35,770	32,393	90.56%	200	973
NIEVES	34,896	32,202	92.28%	201	1,004
SALDANA	34,434	32,061	93.11%	202	1,015
QUINONES	34,468	31,545	91.52%	203	1,014
PERALTA	36,585	31,474	86.03%	204	949
BECERRA	33,274	31,391	94.34%	205	1,051
AMAYA	33,218	31,275	94.15%	206	1,057
SAENZ	33,787	30,922	91.52%	207	1,029
TOVAR	32,760	30,919	94.38%	208	1,070
VERA	33,674	30,650	91.02%	209	1,031
LEAL	35,958	30,528	84.90%	210	969
CARDONA	32,727	30,034	91.77%	211	1,071
AGUILERA	31,581	29,866	94.57%	212	1,109
ZAPATA	32,274	29,782	92.28%	213	1,082
BAEZ	31,298	29,523	94.33%	214	1,121
VENTURA	39,580	29,475	74.47%	215	877
BARRIOS	32,873	29,434	89.54%	216	1,067
CASTELLANOS	30,859	29,325	95.03%	217	1,138
CARRASCO	31,575	29,245	92.62%	218	1,110
SAUCEDO	30,374	28,995	95.46%	219	1,157
GALLARDO	31,909	28,791	90.23%	220	1,096
HURTADO	30,286	28,439	93.90%	221	1,160
GUILLEN	30,153	28,232	93.63%	222	1,166
ALONSO	30,389	27,927	91.90%	223	1,155
OSORIO	29,482	27,781	94.23%	224	1,199
MUNIZ	30,695	27,754	90.42%	225	1,147
ZEPEDA	29,252	27,748	94.86%	226	1,209
ESCOBEDO	29,185	27,694	94.89%	227	1,211
ARREDONDO	29,173	27,528	94.36%	228	1,212
SEGURA	30,880	27,499	89.05%	229	1,136
VALLE	31,716	27,393	86.37%	230	1,104
MORAN	88,615	27,302	30.81%	231	353
DAVIS	1,116,357	27,239	2.44%	232	8
VELASCO	33,078	27,213	82.27%	233	1,061
CARRANZA	28,581	27,043	94.62%	234	1,235
FELIX	40,165	26,625	66.29%	235	863
RENTERIA	27,976	26,572	94.98%	236	1,256
BLANCO	31,800	26,311	82.74%	237	1,099
OLVERA	27,551	26,195	95.08%	238	1,275
CORDERO	30,158	25,854	85.73%	239	1,164
QUIROZ	27,452	25,843	94.14%	240	1,280
LEMUS	27,079	25,823	95.36%	241	1,297
CABALLERO	28,903	25,796	89.25%	242	1,224
CHACON	27,982	25,732	91.96%	243	1,255
CORONADO	27,626	25,571	92.56%	244	1,274
ORELLANA	26,651	25,489	95.64%	245	1,319
MADRIGAL	27,033	25,327	93.69%	246	1,299
DELATORRE	27,265	25,250	92.61%	247	1,288
MILLER	1,161,437	25,203	2.17%	248	7
GRANADOS	26,187	24,927	95.19%	249	1,347
PAREDES	27,274	24,896	91.28%	250	1,287
QUEZADA	25,752	24,797	96.29%	251	1,372
CARMONA	26,774	24,600	91.88%	252	1,310
LEYVA	26,153	24,552	93.88%	253	1,351
HINOJOSA	26,146	24,517	93.77%	254	1,352
ROSADO	26,998	24,503	90.76%	255	1,301
VIGIL	29,382	24,120	82.09%	256	1,205
VARELA	26,621	24,071	90.42%	257	1,321
YANEZ	25,563	24,032	94.01%	258	1,385
BERMUDEZ	26,691	24,009	89.95%	259	1,316
ROMO	26,283	23,873	90.83%	260	1,343
AVILES	25,716	23,733	92.29%	261	1,375
MONTANO	27,276	23,561	86.38%	262	1,286
NIETO	25,701	23,211	90.31%	263	1,376
VELA	25,414	23,150	91.09%	264	1,396
URIBE	24,612	23,138	94.01%	265	1,448
SERNA	25,503	23,075	90.48%	266	1,390
GAMEZ	24,256	23,000	94.82%	267	1,472
NAVARRETE	24,259	22,983	94.74%	268	1,471
RICO	25,954	22,917	88.30%	269	1,359
OLIVARES	23,982	22,692	94.62%	270	1,490
GIL	26,112	22,673	86.83%	271	1,353
PAZ	25,574	22,664	88.62%	272	1,384
BACA	28,082	22,595	80.46%	273	1,249
BURGOS	25,169	22,489	89.35%	274	1,411
CANALES	24,384	22,350	91.66%	275	1,462
ANAYA	24,017	22,216	92.50%	276	1,488
BARRAGAN	23,176	22,168	95.65%	277	1,551
BARRON	52,070	22,140	42.52%	278	656
MADRID	25,854	22,090	85.44%	279	1,364
BENAVIDES	23,761	22,055	92.82%	280	1,508
AREVALO	23,895	22,055	92.30%	281	1,499
SOLANO	24,881	21,863	87.87%	282	1,430
REYNOSO	23,143	21,819	94.28%	283	1,554
ROSA	33,521	21,775	64.96%	284	1,035
BUSTAMANTE	24,536	21,717	88.51%	285	1,454
ARAGON	25,801	21,557	83.55%	286	1,367
MONTALVO	23,454	21,392	91.21%	287	1,531
CASILLAS	22,710	21,359	94.05%	288	1,579
ORNELAS	22,969	21,359	92.99%	289	1,568
TELLEZ	22,494	21,315	94.76%	290	1,595
QUINTANILLA	22,581	20,975	92.89%	291	1,586
WILSON	801,882	20,929	2.61%	292	14
ALEMAN	22,927	20,907	91.19%	293	1,571
OCAMPO	25,720	20,854	81.08%	294	1,374
PRADO	23,436	20,823	88.85%	295	1,533
PINA	25,293	20,819	82.31%	296	1,403
CARBAJAL	21,838	20,676	94.68%	297	1,646
VALADEZ	21,859	20,648	94.46%	298	1,645
OJEDA	22,045	20,645	93.65%	299	1,633
GODINEZ	21,640	20,606	95.22%	300	1,665
ARREOLA	21,540	20,506	95.20%	301	1,673
RODRIQUEZ	22,892	20,470	89.42%	302	1,572
CUELLAR	22,324	20,451	91.61%	303	1,609
AMADOR	22,370	20,070	89.72%	304	1,603
FONSECA	25,863	20,062	77.57%	305	1,363
PAGAN	23,474	19,859	84.60%	306	1,528
HIDALGO	23,134	19,847	85.79%	307	1,556
SOTELO	21,455	19,824	92.40%	308	1,679
VENEGAS	20,851	19,798	94.95%	309	1,722
ESCAMILLA	20,958	19,763	94.30%	310	1,715
BETANCOURT	21,663	19,750	91.17%	311	1,664
ZARATE	20,992	19,581	93.28%	312	1,713
YBARRA	22,211	19,559	88.06%	313	1,619
PATINO	21,113	19,468	92.21%	314	1,705
THOMAS	756,142	19,206	2.54%	315	16
ANDERSON	784,404	19,139	2.44%	316	15
LUJAN	22,021	18,991	86.24%	317	1,637
MARRERO	21,109	18,846	89.28%	318	1,706
POLANCO	19,688	18,674	94.85%	319	1,820
ESCALANTE	20,626	18,613	90.24%	320	1,736
OTERO	20,937	18,609	88.88%	321	1,716
MARROQUIN	19,661	18,595	94.58%	322	1,822
ARTEAGA	19,410	18,556	95.60%	323	1,848
TAYLOR	751,209	18,480	2.46%	324	17
OLIVAS	20,106	18,439	91.71%	325	1,785
VALDES	20,527	18,390	89.59%	326	1,745
LINARES	19,688	18,351	93.21%	327	1,820
ARRIAGA	19,236	18,263	94.94%	328	1,865
RENDON	20,143	18,225	90.48%	329	1,778
FELICIANO	21,667	18,211	84.05%	330	1,662
CASAS	19,777	18,205	92.05%	331	1,813
SEPULVEDA	19,851	18,182	91.59%	332	1,810
SORIANO	25,916	18,118	69.91%	333	1,361
GALVEZ	20,425	17,988	88.07%	334	1,754
LEDESMA	20,311	17,953	88.39%	335	1,768
BANUELOS	18,636	17,915	96.13%	336	1,939
BRITO	21,007	17,810	84.78%	337	1,711
JACKSON	708,099	17,702	2.50%	338	19
BARRIENTOS	18,877	17,693	93.73%	339	1,905
ZARAGOZA	18,908	17,683	93.52%	340	1,897
PRIETO	19,520	17,586	90.09%	341	1,833
ARANDA	19,298	17,519	90.78%	342	1,861
MONDRAGON	18,620	17,458	93.76%	343	1,941
VALLEJO	19,117	17,437	91.21%	344	1,881
COVARRUBIAS	18,189	17,420	95.77%	345	1,985
NAJERA	18,340	17,414	94.95%	346	1,971
MENA	19,522	17,398	89.12%	347	1,832
CHAVARRIA	18,492	17,307	93.59%	348	1,953
SAAVEDRA	18,834	17,301	91.86%	349	1,910
PULIDO	18,942	17,199	90.80%	350	1,894
MATOS	21,258	17,162	80.73%	351	1,696
BARRAZA	18,030	17,141	95.07%	352	2,004
ALARCON	18,805	17,139	91.14%	353	1,917
ARCE	19,464	17,068	87.69%	354	1,844
JAIMES	17,573	17,016	96.83%	355	2,050
CEJA	17,423	16,960	97.34%	356	2,078
MOORE	724,374	16,950	2.34%	357	18
ARGUETA	17,540	16,866	96.16%	358	2,054
NEGRON	18,413	16,767	91.06%	359	1,963
ORDONEZ	18,498	16,691	90.23%	360	1,952
GAMBOA	19,577	16,584	84.71%	361	1,829
CERDA	17,703	16,554	93.51%	362	2,035
THOMPSON	664,644	16,550	2.49%	363	23
VALENTIN	19,211	16,479	85.78%	364	1,868
SALCEDO	18,387	16,432	89.37%	365	1,967
HEREDIA	17,506	16,424	93.82%	366	2,061
CORNEJO	17,591	16,405	93.26%	367	2,045
ALCALA	17,758	16,277	91.66%	368	2,029
ALONZO	20,367	16,239	79.73%	369	1,758
MOYA	18,071	16,137	89.30%	370	2,001
MIRELES	17,186	16,062	93.46%	371	2,105
SALDIVAR	17,250	16,037	92.97%	372	2,097
CAVAZOS	17,361	16,033	92.35%	373	2,084
PIMENTEL	21,579	16,014	74.21%	374	1,671
LONGORIA	17,818	15,970	89.63%	375	2,025
ANGUIANO	16,479	15,764	95.66%	376	2,208
WHITE	660,491	15,720	2.38%	377	24
NEVAREZ	16,607	15,687	94.46%	378	2,188
CRESPO	17,629	15,662	88.84%	379	2,042
ZAMBRANO	17,092	15,622	91.40%	380	2,117
BALDERAS	16,576	15,613	94.19%	381	2,196
CAZARES	16,134	15,582	96.58%	382	2,254
RINCON	16,455	15,555	94.53%	383	2,215
ONTIVEROS	16,382	15,438	94.24%	384	2,225
ESPINAL	15,924	15,368	96.51%	385	2,289
ALANIZ	16,596	15,325	92.34%	386	2,189
TOLEDO	19,474	15,272	78.42%	387	1,841
CORRAL	16,808	15,210	90.49%	388	2,158
TORREZ	16,795	15,183	90.40%	389	2,160
DELOSSANTOS	19,131	15,117	79.02%	390	1,880
ROBLEDO	16,001	15,116	94.47%	391	2,277
MONTANEZ	16,281	15,102	92.76%	392	2,240
BUSTOS	17,040	15,024	88.17%	393	2,129
ADAME	16,193	14,996	92.61%	394	2,250
PALMA	20,636	14,967	72.53%	395	1,735
VALDIVIA	15,895	14,962	94.13%	396	2,293
ABREU	17,998	14,935	82.98%	397	2,008
HOLGUIN	16,090	14,877	92.46%	398	2,260
FRIAS	16,911	14,843	87.77%	399	2,144
ACUNA	16,683	14,726	88.27%	400	2,179
VIDAL	18,677	14,689	78.65%	401	1,933
HENRIQUEZ	15,657	14,685	93.79%	402	2,329
MONTERO	17,314	14,661	84.68%	403	2,090
CARRERA	16,533	14,610	88.37%	404	2,203
BUENO	16,936	14,594	86.17%	405	2,140
CEBALLOS	15,515	14,586	94.01%	406	2,350
BATISTA	18,323	14,567	79.50%	407	1,974
DELGADILLO	15,123	14,554	96.24%	408	2,399
ESPINO	15,997	14,536	90.87%	409	2,278
CLARK	562,679	14,517	2.58%	410	27
PANTOJA	15,249	14,506	95.13%	411	2,383
OLIVA	19,513	14,418	73.89%	412	1,835
NEGRETE	15,245	14,371	94.27%	413	2,384
NARANJO	15,658	14,340	91.58%	414	2,328
APONTE	15,828	14,339	90.59%	415	2,305
ELIZONDO	15,419	14,309	92.80%	416	2,365
CHAPA	15,865	14,305	90.17%	417	2,297
SOLORZANO	15,045	14,297	95.03%	418	2,412
AQUINO	25,783	14,217	55.14%	419	1,368
URBINA	15,055	14,110	93.72%	420	2,409
HARRIS	624,252	14,108	2.26%	421	25
GAYTAN	14,647	14,107	96.31%	422	2,460
RESENDIZ	14,457	14,026	97.02%	423	2,500
ALMANZA	14,708	13,940	94.78%	424	2,454
PUENTE	14,966	13,939	93.14%	425	2,420
TAMAYO	16,474	13,912	84.45%	426	2,210
ROBINSON	529,821	13,828	2.61%	427	30
LEWIS	531,781	13,720	2.58%	428	29
MONROY	14,673	13,688	93.29%	429	2,456
TEJEDA	14,240	13,673	96.02%	430	2,541
ARMENTA	15,078	13,647	90.51%	431	2,406
TEJADA	14,903	13,562	91.00%	432	2,432
PERALES	14,593	13,557	92.90%	433	2,467
FARIAS	16,153	13,391	82.90%	434	2,252
GIRON	15,786	13,390	84.82%	435	2,311
VILLASENOR	14,180	13,360	94.22%	436	2,548
LIRA	14,758	13,326	90.30%	437	2,447
COLLAZO	14,369	13,208	91.92%	438	2,521
NORIEGA	14,559	13,186	90.57%	439	2,477
LIMON	14,472	13,154	90.89%	440	2,496
LEE	693,023	13,098	1.89%	441	21
MOJICA	14,737	13,086	88.80%	442	2,450
SOLORIO	13,537	12,993	95.98%	443	2,663
CENTENO	14,510	12,986	89.50%	444	2,488
ARAUJO	18,856	12,933	68.59%	445	1,908
BANDA	15,055	12,913	85.77%	446	2,409
RODRIGUES	31,280	12,906	41.26%	447	1,122
MACHADO	23,170	12,818	55.32%	448	1,552
APARICIO	13,437	12,757	94.94%	449	2,680
SORIA	14,477	12,693	87.68%	450	2,495
ANGEL	24,895	12,674	50.91%	451	1,428
GARAY	14,393	12,654	87.92%	452	2,515
WALKER	523,129	12,607	2.41%	453	31
IRIZARRY	14,114	12,561	89.00%	454	2,560
LOERA	13,218	12,557	95.00%	455	2,726
GUAJARDO	13,438	12,534	93.27%	456	2,679
YOUNG	484,447	12,499	2.58%	457	32
JASSO	13,318	12,476	93.68%	458	2,707
VERGARA	15,618	12,412	79.47%	459	2,332
ULLOA	13,133	12,411	94.50%	460	2,743
JAIME	13,532	12,397	91.61%	461	2,665
ALCANTAR	12,919	12,389	95.90%	462	2,794
ELIAS	24,696	12,375	50.11%	463	1,443
GARIBAY	13,088	12,328	94.19%	464	2,755
MARES	14,931	12,318	82.50%	465	2,427
TIRADO	13,410	12,280	91.57%	466	2,685
BRIONES	15,098	12,278	81.32%	467	2,403
AGUAYO	12,876	12,239	95.05%	468	2,799
SANTILLAN	13,081	12,233	93.52%	469	2,756
GUARDADO	12,656	12,156	96.05%	470	2,848
MOTA	14,182	12,133	85.55%	471	2,547
FAJARDO	15,100	12,112	80.21%	472	2,402
SEGOVIA	13,182	12,098	91.78%	473	2,733
VALLES	13,777	12,080	87.68%	474	2,614
PADRON	13,114	12,075	92.08%	475	2,751
FIERRO	14,371	12,044	83.81%	476	2,519
MUNGUIA	12,615	12,042	95.46%	477	2,857
PEDRAZA	12,748	11,995	94.09%	478	2,829
JAUREGUI	12,783	11,950	93.48%	479	2,823
ALLEN	482,607	11,920	2.47%	480	33
LORENZO	17,825	11,898	66.75%	481	2,024
KING	465,422	11,868	2.55%	482	34
DUENAS	13,736	11,835	86.16%	483	2,627
ANGULO	12,714	11,830	93.05%	484	2,836
PRECIADO	12,455	11,815	94.86%	485	2,883
ZELAYA	12,448	11,709	94.06%	486	2,886
REGALADO	12,931	11,684	90.36%	487	2,791
ARMENDARIZ	12,423	11,680	94.02%	488	2,892
ROQUE	15,203	11,655	76.66%	489	2,388
MONTIEL	12,376	11,612	93.83%	490	2,896
LOMELI	12,263	11,602	94.61%	491	2,922
BARBOSA	18,106	11,566	63.88%	492	1,992
ALTAMIRANO	12,296	11,564	94.05%	493	2,915
LERMA	12,639	11,548	91.37%	494	2,852
BERRIOS	12,451	11,441	91.89%	495	2,885
ROLDAN	13,498	11,390	84.38%	496	2,671
MESA	13,566	11,357	83.72%	497	2,656
GREEN	430,182	11,357	2.64%	498	41
FERRER	17,057	11,351	66.55%	499	2,123
CARABALLO	12,546	11,342	90.40%	500	2,872
SCOTT	439,530	11,340	2.58%	501	36
BENAVIDEZ	12,648	11,329	89.57%	502	2,849
CACERES	12,269	11,260	91.78%	503	2,920
VALLADARES	11,901	11,236	94.41%	504	3,012
RAZO	12,125	11,206	92.42%	505	2,960
CINTRON	12,349	11,145	90.25%	506	2,906
BOLANOS	11,829	11,143	94.20%	507	3,029
MATEO	13,746	11,125	80.93%	508	2,623
JACOBO	11,590	11,090	95.69%	509	3,105
ALICEA	12,287	11,088	90.24%	510	2,917
QUINONEZ	11,576	11,035	95.33%	511	3,111
ESTRELLA	13,758	11,026	80.14%	512	2,618
CARREON	12,941	10,999	84.99%	513	2,789
ADAMS	427,865	10,996	2.57%	514	42
RUVALCABA	11,220	10,990	97.95%	515	3,217
RUELAS	11,505	10,982	95.45%	516	3,140
ALMONTE	12,128	10,981	90.54%	517	2,958
BELLO	16,915	10,942	64.69%	518	2,143
PORRAS	12,106	10,932	90.30%	519	2,962
HILL	434,827	10,914	2.51%	520	39
NELSON	424,958	10,836	2.55%	521	43
WRIGHT	458,980	10,832	2.36%	522	35
LOYA	12,232	10,816	88.42%	523	2,931
ZAMUDIO	11,384	10,778	94.68%	524	3,174
ALCARAZ	11,616	10,776	92.77%	525	3,098
FALCON	15,125	10,758	71.13%	526	2,398
BOTELLO	11,569	10,750	92.92%	527	3,113
CADENA	11,560	10,714	92.68%	528	3,117
ALBA	13,347	10,666	79.91%	529	2,699
CAMARENA	11,154	10,664	95.61%	530	3,237
CABRAL	23,128	10,664	46.11%	531	1,557
ARCHULETA	13,248	10,649	80.38%	532	2,717
VILLAGOMEZ	11,282	10,607	94.02%	533	3,201
CARLOS	15,462	10,605	68.59%	534	2,357
BALTAZAR	13,045	10,578	81.09%	535	2,767
LAZO	12,640	10,530	83.31%	536	2,850
URENA	11,066	10,527	95.13%	537	3,261
CEPEDA	11,572	10,498	90.72%	538	3,112
LANDEROS	10,934	10,481	95.86%	539	3,295
ARENAS	11,809	10,467	88.64%	540	3,035
NOLASCO	11,609	10,438	89.91%	541	3,102
DELVALLE	11,816	10,437	88.33%	542	3,033
ALANIS	11,029	10,422	94.50%	543	3,274
MERINO	11,684	10,396	88.98%	544	3,073
LARIOS	10,887	10,377	95.32%	545	3,299
SIFUENTES	10,954	10,376	94.72%	546	3,293
GODOY	11,690	10,361	88.63%	547	3,070
RODAS	11,327	10,349	91.37%	548	3,193
PEDROZA	10,918	10,327	94.59%	549	3,297
TELLO	11,512	10,321	89.65%	550	3,136
HARO	11,547	10,311	89.30%	551	3,122
ESTEVEZ	11,032	10,306	93.42%	552	3,273
SAUCEDA	11,093	10,254	92.44%	553	3,255
TRINIDAD	13,474	10,248	76.06%	554	2,677
CORRALES	11,348	10,225	90.10%	555	3,184
CAMARILLO	11,066	10,198	92.16%	556	3,261
BRISENO	10,821	10,194	94.21%	557	3,313
VILLATORO	10,535	10,168	96.52%	558	3,394
AMBRIZ	10,445	10,119	96.88%	559	3,416
FRANCISCO	24,095	10,101	41.92%	560	1,481
PICHARDO	10,572	10,095	95.49%	561	3,375
CEDILLO	10,538	10,080	95.65%	562	3,392
AMARO	11,769	10,074	85.60%	563	3,042
LLAMAS	11,028	10,067	91.29%	564	3,275
MENENDEZ	11,609	9,981	85.98%	565	3,102
SARMIENTO	13,710	9,918	72.34%	566	2,631
NINO	11,202	9,908	88.45%	567	3,224
PANIAGUA	10,340	9,904	95.78%	568	3,455
SERRATO	10,449	9,895	94.70%	569	3,415
TERRAZAS	10,569	9,894	93.61%	570	3,378
VALDOVINOS	10,147	9,880	97.37%	571	3,517
PEREA	11,546	9,876	85.54%	572	3,124
DELAGARZA	10,759	9,865	91.69%	573	3,334
GALARZA	10,601	9,863	93.04%	574	3,368
SALCIDO	10,776	9,856	91.46%	575	3,331
MANZO	13,635	9,801	71.88%	576	2,639
BAHENA	9,983	9,749	97.66%	577	3,571
TAVAREZ	10,201	9,733	95.41%	578	3,503
RIVERO	11,096	9,721	87.61%	579	3,254
OLGUIN	10,660	9,713	91.12%	580	3,356
ANGELES	14,128	9,675	68.48%	581	2,559
RAMON	11,582	9,630	83.15%	582	3,108
CAMPBELL	386,157	9,615	2.49%	583	47
VALERIO	13,482	9,599	71.20%	584	2,675
APODACA	11,280	9,593	85.04%	585	3,202
NARVAEZ	10,579	9,591	90.66%	586	3,373
BAKER	419,586	9,567	2.28%	587	44
SANTAMARIA	12,375	9,524	76.96%	588	2,897
ROJO	10,275	9,504	92.50%	589	3,479
MITCHELL	384,486	9,497	2.47%	590	48
PERDOMO	10,058	9,472	94.17%	591	3,548
ALCANTARA	12,636	9,469	74.94%	592	2,853
CURIEL	9,983	9,454	94.70%	593	3,571
LEDEZMA	9,721	9,440	97.11%	594	3,659
CALVILLO	10,032	9,417	93.87%	595	3,557
PAEZ	10,433	9,410	90.19%	596	3,420
MONTENEGRO	10,606	9,394	88.57%	597	3,365
ACEVES	9,854	9,351	94.90%	598	3,603
FLOREZ	10,570	9,307	88.05%	599	3,377
OLMOS	9,895	9,307	94.06%	600	3,596
ALDANA	10,362	9,302	89.77%	601	3,448
MACIEL	11,500	9,295	80.83%	602	3,142
IGLESIAS	10,546	9,267	87.87%	603	3,387
TINOCO	9,707	9,260	95.40%	604	3,670
PEREIRA	29,898	9,247	30.93%	605	1,175
TAVERAS	9,580	9,202	96.05%	606	3,706
VIERA	11,861	9,169	77.30%	607	3,024
HALL	407,076	9,159	2.25%	608	45
MAYORGA	9,659	9,116	94.38%	609	3,679
PAULINO	11,500	9,085	79.00%	610	3,142
ROBERTS	376,774	9,043	2.40%	611	50
MOSQUEDA	9,709	9,043	93.14%	612	3,668
MILLAN	10,733	9,036	84.19%	613	3,339
MAYA	10,313	9,002	87.29%	614	3,466
MATIAS	11,635	8,983	77.21%	615	3,091
CARRION	10,316	8,981	87.06%	616	3,464
INFANTE	11,102	8,944	80.56%	617	3,252
BADILLO	9,753	8,902	91.27%	618	3,642
OLIVAREZ	9,720	8,866	91.21%	619	3,660
ECHEVARRIA	9,777	8,854	90.56%	620	3,636
ABARCA	9,363	8,830	94.31%	621	3,780
CARTER	376,966	8,821	2.34%	622	49
ECHEVERRIA	9,552	8,807	92.20%	623	3,713
PHILLIPS	360,802	8,804	2.44%	624	52
MONTEZ	10,097	8,778	86.94%	625	3,539
GAONA	9,299	8,763	94.24%	626	3,811
DELUNA	10,182	8,756	85.99%	627	3,508
LIMA	19,109	8,733	45.70%	628	1,882
TORO	10,650	8,720	81.88%	629	3,358
RESENDEZ	9,390	8,701	92.66%	630	3,771
ISLAS	9,200	8,698	94.54%	631	3,853
DELRIO	9,814	8,689	88.54%	632	3,620
PERSON	67,411	8,683	12.88%	633	496
LUCAS	107,690	8,669	8.05%	634	286
CONCEPCION	12,332	8,640	70.06%	635	2,909
LEBRON	9,843	8,630	87.68%	636	3,606
RUEDA	9,253	8,583	92.76%	637	3,829
ARANA	10,698	8,571	80.12%	638	3,347
PALOMINO	9,313	8,570	92.02%	639	3,800
JORDAN	208,403	8,565	4.11%	640	116
OLIVO	10,483	8,556	81.62%	641	3,412
LUCIO	9,780	8,554	87.46%	642	3,631
OCASIO	9,293	8,554	92.05%	643	3,815
MELGAR	9,106	8,548	93.87%	644	3,897
PLASCENCIA	8,710	8,509	97.69%	645	4,079
EVANS	355,593	8,499	2.39%	646	53
CAMARGO	9,626	8,472	88.01%	647	3,689
CEDENO	9,412	8,455	89.83%	648	3,763
PARTIDA	8,878	8,445	95.12%	649	4,002
MIRAMONTES	8,884	8,440	95.00%	650	3,998
INIGUEZ	8,750	8,437	96.42%	651	4,057
AVINA	9,122	8,434	92.46%	652	3,891
SANABRIA	9,026	8,417	93.25%	653	3,945
BARRETO	10,127	8,412	83.07%	654	3,524
JURADO	9,309	8,394	90.17%	655	3,804
LOZA	9,011	8,380	93.00%	656	3,949
PARDO	11,104	8,379	75.46%	657	3,249
BARBA	11,043	8,378	75.87%	658	3,268
BARAHONA	8,844	8,375	94.70%	659	4,019
GALICIA	9,229	8,361	90.59%	660	3,837
MENJIVAR	8,622	8,358	96.94%	661	4,116
ANTONIO	15,461	8,323	53.83%	662	2,358
EDWARDS	332,423	8,311	2.50%	663	58
CARDOZA	12,824	8,280	64.57%	664	2,812
SANTOYO	8,692	8,279	95.25%	665	4,086
SOLIZ	9,159	8,274	90.34%	666	3,871
ALFONSO	12,246	8,253	67.39%	667	2,927
MERAZ	8,616	8,221	95.42%	668	4,119
RODARTE	8,860	8,176	92.28%	669	4,008
CHAVIRA	8,573	8,170	95.30%	670	4,135
HERNANDES	8,612	8,153	94.67%	671	4,123
COLLINS	329,770	8,145	2.47%	672	59
MORRIS	318,884	8,132	2.55%	673	62
CARVAJAL	8,883	8,092	91.10%	674	3,999
STEWART	324,957	8,091	2.49%	675	61
PINTO	21,366	8,087	37.85%	676	1,687
MENDIOLA	10,752	8,084	75.19%	677	3,337
BALLESTEROS	10,261	8,082	78.76%	678	3,481
VILLAREAL	9,614	8,072	83.96%	679	3,693
MAGALLANES	8,852	8,043	90.86%	680	4,012
MARTINES	9,363	8,036	85.83%	681	3,780
MONTELONGO	8,472	8,034	94.83%	682	4,180
ALMARAZ	8,404	8,021	95.44%	683	4,215
TAFOYA	10,114	7,971	78.81%	684	3,532
MARISCAL	8,368	7,970	95.24%	685	4,238
TIJERINA	8,626	7,965	92.34%	686	4,114
MORGAN	286,280	7,959	2.78%	687	69
VICENTE	10,789	7,944	73.63%	688	3,326
MADERA	9,583	7,937	82.82%	689	3,705
COLLADO	9,201	7,931	86.20%	690	3,851
ROGERS	302,261	7,919	2.62%	691	66
COTA	11,554	7,918	68.53%	692	3,120
SARABIA	8,695	7,907	90.94%	693	4,082
CARTAGENA	8,467	7,886	93.14%	694	4,184
BAEZA	8,432	7,872	93.36%	695	4,203
GRACIA	9,520	7,849	82.45%	696	3,720
DEANDA	8,600	7,837	91.13%	697	4,126
LOZADA	8,959	7,817	87.25%	698	3,969
VALVERDE	8,737	7,793	89.20%	699	4,065
MARTE	8,867	7,790	87.85%	700	4,007
JAQUEZ	8,281	7,785	94.01%	701	4,295
TURNER	348,627	7,774	2.23%	702	54
MONCADA	8,574	7,749	90.38%	703	4,134
ARGUELLO	8,518	7,729	90.74%	704	4,160
JARA	8,790	7,692	87.51%	705	4,042
JAMES	249,379	7,681	3.08%	706	85
OVIEDO	8,145	7,666	94.12%	707	4,362
MANRIQUEZ	8,119	7,666	94.42%	708	4,381
PARADA	8,649	7,629	88.21%	709	4,103
PELAYO	8,402	7,627	90.78%	710	4,218
PARKER	336,221	7,599	2.26%	711	56
SALVADOR	13,021	7,561	58.07%	712	2,772
MAGDALENO	7,956	7,519	94.51%	713	4,461
LEIVA	8,193	7,511	91.68%	714	4,335
ASCENCIO	7,832	7,510	95.89%	715	4,526
ALVARENGA	7,973	7,503	94.11%	716	4,449
CONDE	10,430	7,489	71.80%	717	3,423
SANTACRUZ	8,264	7,476	90.46%	718	4,300
MENCHACA	8,169	7,460	91.32%	719	4,345
URIAS	7,941	7,449	93.80%	720	4,471
CARO	10,064	7,448	74.01%	721	3,545
TERAN	8,557	7,448	87.04%	722	4,139
MANZANO	9,608	7,440	77.44%	723	3,697
OROSCO	8,313	7,419	89.25%	724	4,273
VACA	7,982	7,419	92.95%	725	4,444
ORDAZ	7,753	7,410	95.58%	726	4,578
CASTELLON	8,041	7,406	92.10%	727	4,421
QUEVEDO	8,064	7,391	91.65%	728	4,404
VILLALPANDO	7,821	7,385	94.43%	729	4,534
BIANCO	15,278	7,372	48.25%	730	2,381
GASPAR	11,251	7,360	65.42%	731	3,210
OLIVERA	9,108	7,347	80.67%	732	3,896
LOREDO	7,830	7,347	93.83%	733	4,530
MANCILLA	7,908	7,334	92.74%	734	4,486
MELCHOR	8,319	7,291	87.64%	735	4,269
MORIN	29,593	7,277	24.59%	736	1,194
CASTANON	7,673	7,275	94.81%	737	4,623
IBANEZ	8,614	7,269	84.39%	738	4,121
FERREIRA	27,898	7,267	26.05%	739	1,260
TAMEZ	7,894	7,235	91.65%	740	4,492
ZAYAS	8,045	7,222	89.77%	741	4,414
MURPHY	308,417	7,217	2.34%	742	64
KELLY	267,394	7,193	2.69%	743	74
OVALLE	7,698	7,191	93.41%	744	4,610
MONGE	8,418	7,182	85.32%	745	4,209
FAVELA	7,439	7,182	96.55%	746	4,761
SAMANIEGO	8,281	7,174	86.63%	747	4,295
SERVIN	7,842	7,102	90.56%	748	4,519
PUENTES	7,528	7,100	94.31%	749	4,711
GRIEGO	8,456	7,071	83.62%	750	4,192
ABREGO	7,702	7,060	91.66%	751	4,606
FRAUSTO	7,547	7,041	93.30%	752	4,702
ARMIJO	8,372	7,036	84.04%	753	4,232
ORTA	7,820	7,027	89.86%	754	4,535
GARRIDO	8,605	7,026	81.65%	755	4,124
VANEGAS	7,444	7,004	94.09%	756	4,756
AMEZCUA	7,206	6,978	96.84%	757	4,889
OSUNA	7,601	6,971	91.71%	758	4,666
CALDERA	7,802	6,969	89.32%	759	4,542
GRIJALVA	7,678	6,951	90.53%	760	4,619
TALAVERA	7,777	6,948	89.34%	761	4,559
GAITAN	7,702	6,939	90.09%	762	4,606
ZAMARRIPA	7,322	6,938	94.76%	763	4,820
POSADA	7,454	6,935	93.04%	764	4,751
RESTREPO	7,441	6,906	92.81%	765	4,759
RICHARDSON	259,798	6,885	2.65%	766	80
CANDELARIA	8,483	6,873	81.02%	767	4,176
SALMERON	7,191	6,867	95.49%	768	4,899
SANCHES	7,883	6,864	87.07%	769	4,500
BAZAN	8,104	6,863	84.69%	770	4,388
PALACIO	8,400	6,858	81.64%	771	4,220
SEVILLA	8,980	6,849	76.27%	772	3,958
AVELAR	7,564	6,835	90.36%	773	4,692
GURROLA	7,211	6,809	94.43%	774	4,883
TURCIOS	7,073	6,808	96.25%	775	4,968
QUESADA	7,870	6,783	86.19%	776	4,509
CASANOVA	9,201	6,772	73.60%	777	3,851
MAESTAS	8,296	6,764	81.53%	778	4,287
LAGUNAS	7,080	6,764	95.54%	779	4,966
BUENROSTRO	6,931	6,764	97.59%	780	5,060
MIGUEL	10,861	6,759	62.23%	781	3,303
BOCANEGRA	7,134	6,748	94.59%	782	4,934
COOPER	280,791	6,739	2.40%	783	70
PENALOZA	7,026	6,723	95.69%	784	5,003
DELTORO	7,251	6,714	92.59%	785	4,862
OROPEZA	7,082	6,714	94.80%	786	4,965
ARAIZA	7,095	6,705	94.50%	787	4,956
PETERSON	278,297	6,679	2.40%	788	71
MONTEMAYOR	8,106	6,674	82.33%	789	4,386
MANZANARES	7,480	6,645	88.84%	790	4,740
DESANTIAGO	6,864	6,641	96.75%	791	5,100
PINO	10,993	6,633	60.34%	792	3,288
CARDOSO	11,304	6,631	58.66%	793	3,197
TENORIO	8,629	6,629	76.82%	794	4,111
CORONEL	7,745	6,622	85.50%	795	4,582
GALAN	8,293	6,620	79.83%	796	4,289
VERDUZCO	6,923	6,611	95.49%	797	5,066
PUGA	7,056	6,596	93.48%	798	4,977
DUQUE	8,058	6,583	81.70%	799	4,407
PALOMO	7,478	6,569	87.84%	800	4,741
COOK	302,589	6,566	2.17%	801	65
CASAREZ	7,140	6,552	91.76%	802	4,927
ALEJANDRO	7,770	6,539	84.16%	803	4,563
VERDUGO	7,210	6,534	90.62%	804	4,885
PALOMARES	7,084	6,532	92.21%	805	4,964
BARCENAS	6,979	6,518	93.39%	806	5,031
MURO	7,916	6,498	82.09%	807	4,481
CARRIZALES	6,845	6,496	94.90%	808	5,114
CARRASQUILLO	7,015	6,490	92.52%	809	5,009
ALEXANDER	204,621	6,486	3.17%	810	118
VELIZ	7,024	6,484	92.31%	811	5,004
RAYA	7,198	6,482	90.05%	812	4,894
LUIS	9,255	6,481	70.03%	813	3,827
VELARDE	8,135	6,468	79.51%	814	4,371
GASTELUM	6,880	6,468	94.01%	815	5,091
GARDUNO	6,912	6,423	92.93%	816	5,073
CARRENO	7,146	6,418	89.81%	817	4,922
PASCUAL	11,959	6,385	53.39%	818	2,998
BARELA	7,739	6,366	82.26%	819	4,586
DAVALOS	6,894	6,361	92.27%	820	5,079
ARANGO	6,998	6,355	90.81%	821	5,020
WARD	260,464	6,355	2.44%	822	79
URRUTIA	7,208	6,346	88.04%	823	4,888
BAILEY	277,845	6,335	2.28%	824	72
PINON	6,938	6,332	91.27%	825	5,055
PIZARRO	7,446	6,313	84.78%	826	4,755
ROSS	229,368	6,308	2.75%	827	98
ARRIOLA	7,877	6,289	79.84%	828	4,503
SORTO	6,523	6,287	96.38%	829	5,337
RECINOS	6,540	6,280	96.02%	830	5,326
HOWARD	264,826	6,276	2.37%	831	75
BROOKS	251,663	6,241	2.48%	832	82
BEJARANO	6,692	6,234	93.16%	833	5,216
LEIJA	6,580	6,210	94.38%	834	5,293
LOVATO	8,293	6,196	74.71%	835	4,289
BENNETT	247,599	6,190	2.50%	836	86
LAZARO	9,061	6,189	68.30%	837	3,922
BARBOZA	8,497	6,184	72.78%	838	4,172
QUILES	6,858	6,178	90.08%	839	5,107
MENESES	8,548	6,159	72.05%	840	4,143
ARREGUIN	6,501	6,155	94.68%	841	5,356
ESCALERA	6,616	6,151	92.97%	842	5,271
REED	277,030	6,150	2.22%	843	73
ANDINO	6,866	6,149	89.56%	844	5,096
YEPEZ	6,433	6,144	95.51%	845	5,411
LIZARRAGA	6,494	6,141	94.56%	846	5,361
LANDAVERDE	6,336	6,140	96.91%	847	5,489
NUNO	6,506	6,138	94.34%	848	5,348
MACEDO	8,433	6,135	72.75%	849	4,201
BORREGO	6,772	6,131	90.53%	850	5,167
TOBAR	7,056	6,121	86.75%	851	4,977
RAMIRES	6,362	6,117	96.15%	852	5,466
LANDA	8,267	6,104	73.84%	853	4,298
MACHUCA	6,351	6,092	95.92%	854	5,475
HERMOSILLO	6,508	6,091	93.59%	855	5,347
LORA	7,030	6,087	86.59%	856	5,001
COX	261,231	6,087	2.33%	857	78
WATSON	252,579	6,087	2.41%	858	81
DELAFUENTE	6,996	6,079	86.89%	859	5,021
ALBARRAN	6,366	6,078	95.48%	860	5,464
WOOD	250,715	6,067	2.42%	861	84
IZAGUIRRE	6,358	6,048	95.12%	862	5,469
DIMAS	7,035	6,040	85.86%	863	4,990
CHAIREZ	6,186	6,038	97.61%	864	5,619
FOSTER	227,764	6,036	2.65%	865	99
GALAVIZ	6,339	6,028	95.09%	866	5,486
MICHEL	25,578	6,016	23.52%	867	1,383
GIRALDO	6,489	6,005	92.54%	868	5,367
CASTREJON	6,180	6,005	97.17%	869	5,624
CIFUENTES	6,325	6,002	94.89%	870	5,500
LUEVANO	6,324	5,971	94.42%	871	5,502
MANDUJANO	6,133	5,958	97.15%	872	5,660
GRAY	246,116	5,931	2.41%	873	87
CARPIO	7,561	5,930	78.43%	874	4,693
UMANA	6,426	5,927	92.23%	875	5,415
SANDERS	230,374	5,921	2.57%	876	94
PERRY	221,741	5,920	2.67%	877	103
FABIAN	13,161	5,915	44.94%	878	2,738
OZUNA	6,327	5,894	93.16%	879	5,499
SARAVIA	6,207	5,870	94.57%	880	5,603
RIZO	6,266	5,868	93.65%	881	5,547
DELAO	6,515	5,852	89.82%	882	5,343
HUGHES	236,271	5,836	2.47%	883	90
PABON	6,630	5,832	87.96%	884	5,262
BEDOLLA	6,127	5,830	95.15%	885	5,666
GUADARRAMA	6,006	5,828	97.04%	886	5,767
RASCON	6,274	5,817	92.72%	887	5,537
AGUERO	6,402	5,796	90.53%	888	5,437
NAZARIO	6,636	5,792	87.28%	889	5,258
COLIN	8,318	5,786	69.56%	890	4,270
BOJORQUEZ	6,147	5,778	94.00%	891	5,648
CATALAN	6,899	5,776	83.72%	892	5,076
COTTO	6,506	5,771	88.70%	893	5,348
MEDELLIN	6,231	5,763	92.49%	894	5,577
PINEDO	6,065	5,738	94.61%	895	5,719
ARVIZU	6,130	5,735	93.56%	896	5,664
CHAPARRO	6,066	5,711	94.15%	897	5,718
LUCIANO	10,247	5,692	55.55%	898	3,486
TOSCANO	9,301	5,690	61.18%	899	3,807
ENCARNACION	7,171	5,686	79.29%	900	4,909
SIMON	80,460	5,680	7.06%	901	397
DELCID	5,933	5,674	95.63%	902	5,827
FUNES	6,079	5,665	93.19%	903	5,702
ALEGRIA	6,200	5,664	91.35%	904	5,609
ALMAGUER	6,023	5,655	93.89%	905	5,751
AVENDANO	6,086	5,631	92.52%	906	5,695
GRIMALDO	5,931	5,616	94.69%	907	5,829
GUDINO	5,847	5,615	96.03%	908	5,903
PAYAN	6,443	5,607	87.02%	909	5,403
OBREGON	6,172	5,606	90.83%	910	5,630
IZQUIERDO	5,974	5,597	93.69%	911	5,791
MONTESDEOCA	5,820	5,566	95.64%	912	5,922
PERAZA	5,949	5,548	93.26%	913	5,811
ESQUEDA	5,773	5,526	95.72%	914	5,963
CLAUDIO	6,679	5,503	82.39%	915	5,224
HENDERSON	218,393	5,482	2.51%	916	109
HUIZAR	5,774	5,473	94.79%	917	5,961
ORONA	6,145	5,473	89.06%	918	5,649
ANTUNEZ	5,808	5,469	94.16%	919	5,931
OLMEDO	5,768	5,468	94.80%	920	5,967
GARNICA	5,941	5,465	91.99%	921	5,820
ROYBAL	6,725	5,463	81.23%	922	5,197
RUSSELL	221,558	5,450	2.46%	923	104
QUIROGA	5,937	5,435	91.54%	924	5,824
GARCES	6,420	5,434	84.64%	925	5,421
BELL	220,599	5,427	2.46%	926	106
ALMEIDA	16,760	5,370	32.04%	927	2,166
BARCIA	6,555	5,355	81.69%	928	5,316
LEOS	5,888	5,346	90.79%	929	5,861
VILLEDA	5,514	5,331	96.68%	930	6,201
SALGUERO	5,610	5,327	94.96%	931	6,111
ALEJO	6,339	5,305	83.69%	932	5,486
ARAMBULA	5,668	5,299	93.49%	933	6,054
GONSALEZ	5,495	5,296	96.38%	934	6,225
PALAFOX	5,793	5,290	91.32%	935	5,945
SULLIVAN	220,990	5,282	2.39%	936	105
BUSTILLOS	5,684	5,281	92.91%	937	6,044
PRICE	235,251	5,270	2.24%	938	91
ELIZALDE	5,620	5,257	93.54%	939	6,102
MOREIRA	9,037	5,249	58.08%	940	3,942
CERNA	5,726	5,246	91.62%	941	6,005
VIRAMONTES	5,544	5,241	94.53%	942	6,172
GALDAMEZ	5,419	5,240	96.70%	943	6,303
OLIVER	115,900	5,239	4.52%	944	264
ALMAZAN	6,265	5,220	83.32%	945	5,549
FISHER	214,703	5,217	2.43%	946	112
RIOJAS	5,699	5,210	91.42%	947	6,030
DELAPAZ	6,404	5,207	81.31%	948	5,436
DURON	6,037	5,201	86.15%	949	5,741
POWELL	224,874	5,195	2.31%	950	101
PELAEZ	5,810	5,191	89.35%	951	5,929
DAMIAN	7,048	5,175	73.43%	952	4,980
MONZON	6,151	5,174	84.12%	953	5,646
BALDERRAMA	5,766	5,173	89.72%	954	5,968
SUAZO	5,921	5,163	87.20%	955	5,843
ZACARIAS	5,633	5,162	91.64%	956	6,088
REZA	6,349	5,160	81.27%	957	5,479
ELLIS	188,968	5,159	2.73%	958	131
BUTLER	218,847	5,143	2.35%	959	108
LONG	229,374	5,138	2.24%	960	97
TOLENTINO	11,371	5,131	45.12%	961	3,180
GRAHAM	201,159	5,130	2.55%	962	120
ROA	6,221	5,121	82.32%	963	5,589
MARAVILLA	5,669	5,099	89.95%	964	6,052
MELO	9,731	5,098	52.39%	965	3,655
MAGALLON	5,387	5,095	94.58%	966	6,332
ALVA	6,026	5,091	84.48%	967	5,750
STEVENS	185,674	5,087	2.74%	968	135
BARNES	218,241	5,085	2.33%	969	110
JAVIER	9,226	5,077	55.03%	970	3,838
GALLO	23,056	5,077	22.02%	971	1,560
MONREAL	5,698	5,063	88.86%	972	6,031
ROLON	5,658	5,044	89.15%	973	6,063
GOVEA	5,327	5,039	94.59%	974	6,389
RUANO	5,478	5,039	91.99%	975	6,240
MAZARIEGOS	5,255	5,036	95.83%	976	6,465
MELGOZA	5,211	5,035	96.62%	977	6,511
CALVO	6,883	5,028	73.05%	978	5,086
CORIA	5,625	5,020	89.24%	979	6,098
PATTERSON	205,423	4,992	2.43%	980	117
ARMAS	6,002	4,987	83.09%	981	5,773
CASTELLANO	11,238	4,969	44.22%	982	3,212
OQUENDO	5,455	4,967	91.05%	983	6,263
CASTANO	6,133	4,954	80.78%	984	5,660
HAMILTON	201,746	4,943	2.45%	985	119
MARMOLEJO	5,221	4,937	94.56%	986	6,500
LECHUGA	5,221	4,932	94.46%	987	6,500
COLEMAN	219,070	4,929	2.25%	988	107
BRUNO	30,883	4,929	15.96%	989	1,135
MCDONALD	180,497	4,928	2.73%	990	143
GORDON	161,833	4,920	3.04%	991	161
REYNOLDS	200,247	4,906	2.45%	992	121
CABAN	5,974	4,906	82.12%	993	5,791
TARANGO	5,360	4,905	91.51%	994	6,356
CAMPA	5,709	4,903	85.88%	995	6,022
CARCAMO	5,205	4,902	94.18%	996	6,516
RUBALCAVA	5,130	4,889	95.30%	997	6,605
HARRISON	181,091	4,889	2.70%	998	141
VELOZ	5,173	4,887	94.47%	999	6,546
BORJA	7,618	4,877	64.02%	1,000	4,656
REY	8,074	4,877	60.40%	1,001	4,403
WALLACE	197,276	4,873	2.47%	1,002	123
DIEGO	6,141	4,863	79.19%	1,003	5,651
BARRIGA	5,286	4,857	91.88%	1,004	6,426
HENRY	170,964	4,855	2.84%	1,005	149
AGOSTO	5,619	4,845	86.23%	1,006	6,103
NERI	8,094	4,838	59.77%	1,007	4,394
CHARLES	61,211	4,836	7.90%	1,008	548
BERUMEN	5,195	4,832	93.01%	1,009	6,525
DORADO	5,345	4,831	90.38%	1,010	6,367
MYERS	229,895	4,828	2.10%	1,011	96
SIMMONS	210,182	4,813	2.29%	1,012	114
MURRAY	184,910	4,808	2.60%	1,013	136
ZENDEJAS	4,988	4,808	96.39%	1,014	6,761
FELIPE	6,370	4,801	75.37%	1,015	5,462
WEST	195,818	4,798	2.45%	1,016	125
TINAJERO	4,940	4,783	96.82%	1,017	6,825
AGUILA	6,103	4,772	78.19%	1,018	5,683
LAGUNA	5,633	4,768	84.64%	1,019	6,088
PIEDRA	5,098	4,759	93.35%	1,020	6,644
ALBERTO	6,528	4,759	72.90%	1,021	5,335
FELIZ	5,261	4,756	90.40%	1,022	6,452
ARZATE	4,906	4,751	96.84%	1,023	6,858
PIZANO	5,110	4,750	92.95%	1,024	6,628
MARSHALL	183,922	4,745	2.58%	1,025	139
CERON	4,998	4,731	94.66%	1,026	6,746
ABEYTA	6,046	4,731	78.25%	1,027	5,734
FREGOSO	4,969	4,730	95.19%	1,028	6,788
MOREL	8,085	4,729	58.49%	1,029	4,399
CESPEDES	5,168	4,718	91.29%	1,030	6,558
COLE	195,289	4,706	2.41%	1,031	126
MALAVE	5,278	4,703	89.11%	1,032	6,434
VIVEROS	4,983	4,699	94.30%	1,033	6,766
MORALEZ	5,120	4,693	91.66%	1,034	6,613
CELIS	5,546	4,683	84.44%	1,035	6,170
CHAIDEZ	4,826	4,678	96.93%	1,036	6,949
SANMIGUEL	5,513	4,653	84.40%	1,037	6,204
AYON	4,937	4,650	94.19%	1,038	6,829
CALZADA	5,022	4,650	92.59%	1,039	6,724
LABOY	5,590	4,644	83.08%	1,040	6,130
GALLEGO	5,763	4,642	80.55%	1,041	5,971
ERAZO	4,873	4,639	95.20%	1,042	6,899
ESCOTO	5,249	4,637	88.34%	1,043	6,469
TALAMANTES	5,047	4,634	91.82%	1,044	6,692
CASIANO	5,369	4,629	86.22%	1,045	6,349
GABRIEL	26,578	4,627	17.41%	1,046	1,327
LAMAS	5,621	4,626	82.30%	1,047	6,100
BURCIAGA	4,856	4,622	95.18%	1,048	6,909
COSME	5,405	4,617	85.42%	1,049	6,313
BRICENO	5,030	4,615	91.75%	1,050	6,714
JENKINS	222,653	4,609	2.07%	1,051	102
VILLALBA	4,913	4,608	93.79%	1,052	6,852
BATRES	4,996	4,606	92.19%	1,053	6,749
AHUMADA	4,937	4,598	93.13%	1,054	6,829
QUIJADA	4,908	4,597	93.66%	1,055	6,856
CABELLO	5,358	4,597	85.80%	1,056	6,358
COBOS	4,980	4,594	92.25%	1,057	6,773
DIAS	16,044	4,585	28.58%	1,058	2,266
GASCA	4,854	4,582	94.40%	1,059	6,913
LOZOYA	4,743	4,565	96.25%	1,060	7,057
SENA	7,597	4,541	59.77%	1,061	4,669
ROSE	153,397	4,541	2.96%	1,062	177
ALATORRE	4,759	4,535	95.29%	1,063	7,031
CERVANTEZ	4,874	4,527	92.88%	1,064	6,898
JUAN	7,350	4,524	61.55%	1,065	4,808
AGUINAGA	4,818	4,520	93.81%	1,066	6,961
JACINTO	6,238	4,519	72.44%	1,067	5,572
GUADALUPE	4,877	4,515	92.58%	1,068	6,892
WASHINGTON	177,386	4,506	2.54%	1,069	145
DANIEL	80,526	4,501	5.59%	1,070	396
YANES	5,140	4,499	87.53%	1,071	6,590
CANDELARIO	5,053	4,498	89.02%	1,072	6,684
PLAZA	6,075	4,496	74.01%	1,073	5,709
PALMER	156,601	4,494	2.87%	1,074	172
MILIAN	5,181	4,481	86.49%	1,075	6,539
VILLALTA	4,704	4,480	95.24%	1,076	7,112
ZURITA	4,770	4,478	93.88%	1,077	7,020
SIGALA	4,817	4,478	92.96%	1,078	6,965
VIZCARRA	4,946	4,476	90.50%	1,079	6,819
CHAVES	8,137	4,473	54.97%	1,080	4,368
CAMPUZANO	4,758	4,461	93.76%	1,081	7,035
GRANADO	5,004	4,458	89.09%	1,082	6,739
WONG	111,371	4,455	4.00%	1,083	274
CLEMENTE	9,797	4,451	45.43%	1,084	3,626
HAYES	194,246	4,448	2.29%	1,085	127
BORGES	12,337	4,438	35.97%	1,086	2,908
ARRIETA	5,053	4,437	87.81%	1,087	6,684
CANCHOLA	4,758	4,431	93.13%	1,088	7,035
VICTORIA	6,989	4,429	63.37%	1,089	5,023
ARZOLA	4,669	4,420	94.67%	1,090	7,164
JORGE	6,236	4,409	70.70%	1,091	5,573
GIBSON	190,667	4,404	2.31%	1,092	130
CALLE	5,091	4,392	86.27%	1,093	6,649
AMEZQUITA	4,544	4,385	96.50%	1,094	7,337
GRIFFIN	198,406	4,385	2.21%	1,095	122
FORD	184,832	4,381	2.37%	1,096	137
ALEJANDRE	4,528	4,376	96.64%	1,097	7,357
CASTORENA	4,759	4,373	91.89%	1,098	7,031
RAYGOZA	4,482	4,370	97.50%	1,099	7,431
SOLER	5,477	4,369	79.77%	1,100	6,241
MENDIETA	4,630	4,367	94.32%	1,101	7,209
CARBALLO	4,813	4,355	90.48%	1,102	6,971
GRAJEDA	4,580	4,346	94.89%	1,103	7,275
KENNEDY	176,865	4,333	2.45%	1,104	146
CORDOBA	4,744	4,331	91.29%	1,105	7,054
OSEGUERA	4,470	4,322	96.69%	1,106	7,455
BARROSO	5,333	4,322	81.04%	1,107	6,381
PLATA	5,432	4,321	79.55%	1,108	6,290
GOMES	24,827	4,315	17.38%	1,109	1,433
TOPETE	4,473	4,309	96.33%	1,110	7,446
FRAIRE	4,601	4,303	93.52%	1,111	7,247
GRULLON	4,492	4,299	95.70%	1,112	7,411
MELENDREZ	4,703	4,299	91.41%	1,113	7,113
GAMINO	4,724	4,293	90.88%	1,114	7,088
ESQUIBEL	5,187	4,291	82.73%	1,115	6,532
GORDILLO	4,616	4,283	92.79%	1,116	7,232
COLUNGA	4,616	4,282	92.76%	1,117	7,232
CANAS	4,832	4,268	88.33%	1,118	6,937
ANDRES	12,821	4,266	33.27%	1,119	2,813
GANDARA	4,754	4,264	89.69%	1,120	7,044
ENCISO	4,674	4,262	91.19%	1,121	7,157
BRYANT	192,773	4,260	2.21%	1,122	128
WELLS	176,230	4,247	2.41%	1,123	147
TOMAS	7,673	4,239	55.25%	1,124	4,623
PEGUERO	4,457	4,239	95.11%	1,125	7,473
LOPES	18,310	4,215	23.02%	1,126	1,976
BALBUENA	4,621	4,211	91.13%	1,127	7,223
CHICAS	4,324	4,185	96.79%	1,128	7,677
PASTRANA	4,830	4,184	86.63%	1,129	6,943
REAL	6,959	4,183	60.11%	1,130	5,045
ZERMENO	4,455	4,174	93.69%	1,131	7,478
WOODS	177,425	4,169	2.35%	1,132	144
NAVAS	4,953	4,157	83.93%	1,133	6,809
CALIXTO	4,458	4,133	92.71%	1,134	7,472
SIMPSON	163,181	4,128	2.53%	1,135	158
BOBADILLA	4,566	4,127	90.39%	1,136	7,303
ADAMES	4,604	4,122	89.53%	1,137	7,245
MORFIN	4,505	4,119	91.43%	1,138	7,391
DELREAL	4,311	4,117	95.50%	1,139	7,701
BURNS	165,925	4,115	2.48%	1,140	155
DEHOYOS	4,455	4,113	92.32%	1,141	7,478
TORIBIO	4,679	4,098	87.58%	1,142	7,148
MEJIAS	4,472	4,096	91.59%	1,143	7,450
ESPITIA	4,324	4,096	94.73%	1,144	7,677
SILVAS	4,963	4,094	82.49%	1,145	6,798
NOYOLA	4,279	4,093	95.65%	1,146	7,759
ASTORGA	4,481	4,088	91.23%	1,147	7,433
SAIZ	4,878	4,086	83.76%	1,148	6,888
LAUREANO	4,724	4,085	86.47%	1,149	7,088
CELAYA	4,664	4,082	87.52%	1,150	7,173
MARCIAL	4,670	4,082	87.41%	1,151	7,162
MARINO	31,687	4,078	12.87%	1,152	1,105
TERRONES	4,448	4,070	91.50%	1,153	7,490
GEORGE	128,625	4,065	3.16%	1,154	235
ALMENDAREZ	4,415	4,059	91.94%	1,155	7,531
GERMAN	16,661	4,057	24.35%	1,156	2,182
MAURICIO	5,371	4,038	75.18%	1,157	6,346
AGUIAR	8,390	4,035	48.09%	1,158	4,227
ALAS	4,358	4,030	92.47%	1,159	7,619
MERCEDES	4,272	4,025	94.22%	1,160	7,767
CAUDILLO	4,418	4,019	90.97%	1,161	7,530
VILLAR	5,530	4,013	72.57%	1,162	6,186
GARZON	4,450	4,012	90.16%	1,163	7,487
PERES	5,294	4,007	75.69%	1,164	6,420
PASILLAS	4,201	4,001	95.24%	1,165	7,876
JOSE	10,697	4,001	37.40%	1,166	3,348
PORTER	163,054	3,995	2.45%	1,167	159
DIXON	159,480	3,971	2.49%	1,168	167
GRANT	142,277	3,970	2.79%	1,169	196
OWENS	182,719	3,965	2.17%	1,170	140
ARGUELLES	4,837	3,964	81.95%	1,171	6,932
DANIELS	146,570	3,957	2.70%	1,172	187
REVELES	4,233	3,955	93.43%	1,173	7,821
NOVOA	4,281	3,945	92.15%	1,174	7,756
TELLES	5,230	3,944	75.41%	1,175	6,493
TUCKER	167,446	3,935	2.35%	1,176	153
ARCOS	4,132	3,931	95.14%	1,177	8,005
LONDONO	4,235	3,922	92.61%	1,178	7,816
COSTA	38,265	3,922	10.25%	1,179	904
HUNTER	162,440	3,915	2.41%	1,180	160
SISNEROS	4,661	3,900	83.67%	1,181	7,174
FERMIN	5,057	3,899	77.10%	1,182	6,678
MURGUIA	4,141	3,897	94.11%	1,183	7,983
CASARES	4,309	3,894	90.37%	1,184	7,702
TAVARES	12,766	3,894	30.50%	1,185	2,825
FREEMAN	169,149	3,890	2.30%	1,186	151
MANUEL	27,529	3,890	14.13%	1,187	1,277
MEDEL	4,620	3,885	84.09%	1,188	7,224
VALERO	4,660	3,880	83.26%	1,189	7,177
GURULE	4,915	3,879	78.92%	1,190	6,848
OLEA	4,447	3,875	87.14%	1,191	7,492
BORRERO	4,383	3,871	88.32%	1,192	7,582
WEBB	168,878	3,867	2.29%	1,193	152
MASON	160,213	3,861	2.41%	1,194	166
ALMANZAR	4,095	3,855	94.14%	1,195	8,097
HUERTAS	4,235	3,833	90.51%	1,196	7,816
PAIZ	4,347	3,826	88.01%	1,197	7,638
ENCINAS	4,369	3,822	87.48%	1,198	7,609
SOTOMAYOR	4,210	3,819	90.71%	1,199	7,859
DEPAZ	4,137	3,813	92.17%	1,200	7,995
QUIJANO	5,110	3,811	74.58%	1,201	6,628
PABLO	6,462	3,798	58.77%	1,202	5,384
TRISTAN	4,642	3,797	81.80%	1,203	7,199
ALCAZAR	4,219	3,795	89.95%	1,204	7,847
FRAGOSO	4,267	3,789	88.80%	1,205	7,778
JEREZ	4,074	3,788	92.98%	1,206	8,137
MATAMOROS	4,044	3,787	93.64%	1,207	8,206
LEPE	3,904	3,786	96.98%	1,208	8,458
SHAW	160,400	3,785	2.36%	1,209	164
ROBERTSON	153,666	3,780	2.46%	1,210	175
TOBIAS	14,482	3,774	26.06%	1,211	2,494
HINOJOS	4,006	3,770	94.11%	1,212	8,274
SEBASTIAN	13,934	3,768	27.04%	1,213	2,586
ARMSTRONG	135,044	3,768	2.79%	1,214	213
VIRGEN	3,898	3,762	96.51%	1,215	8,470
WAGNER	155,795	3,755	2.41%	1,216	173
SIMENTAL	3,950	3,740	94.68%	1,217	8,380
SPENCER	139,951	3,737	2.67%	1,218	199
OLIVEROS	4,624	3,732	80.71%	1,219	7,217
ZAMORANO	3,926	3,732	95.06%	1,220	8,419
CENICEROS	3,924	3,731	95.08%	1,221	8,423
HOLMES	156,780	3,731	2.38%	1,222	171
SANTIBANEZ	3,868	3,725	96.30%	1,223	8,512
BECERRIL	3,881	3,718	95.80%	1,224	8,491
HIGUERA	4,238	3,716	87.68%	1,225	7,812
ALMODOVAR	4,112	3,713	90.30%	1,226	8,049
PLACENCIA	3,996	3,713	92.92%	1,227	8,291
FERGUSON	146,426	3,705	2.53%	1,228	188
QUINTEROS	3,885	3,701	95.26%	1,229	8,485
FOX	152,334	3,686	2.42%	1,230	180
CRAWFORD	164,457	3,684	2.24%	1,231	156
GRANILLO	4,058	3,684	90.78%	1,232	8,168
FONTANEZ	4,036	3,678	91.13%	1,233	8,222
STEPHENS	144,646	3,674	2.54%	1,234	190
FARFAN	4,075	3,673	90.13%	1,235	8,135
RICHARDS	130,529	3,668	2.81%	1,236	228
STONE	153,329	3,665	2.39%	1,237	178
HUNT	158,421	3,660	2.31%	1,238	169
RYAN	143,452	3,658	2.55%	1,239	193
LUNG	7,753	3,649	47.07%	1,240	4,578
ESPANA	4,127	3,644	88.30%	1,241	8,019
JACQUEZ	4,105	3,639	88.65%	1,242	8,073
AVITIA	3,745	3,624	96.77%	1,243	8,758
MOCTEZUMA	3,735	3,623	97.00%	1,244	8,775
CUEVA	4,008	3,621	90.34%	1,245	8,272
ZAZUETA	3,782	3,618	95.66%	1,246	8,687
TREVIZO	3,754	3,616	96.32%	1,247	8,736
FRAGA	4,998	3,608	72.19%	1,248	6,746
BLACK	154,738	3,605	2.33%	1,249	174
PASTOR	7,647	3,595	47.01%	1,250	4,642
CALLEJAS	3,792	3,583	94.49%	1,251	8,665
BUCIO	3,712	3,581	96.47%	1,252	8,822
CARRERO	4,126	3,579	86.74%	1,253	8,023
CARILLO	4,774	3,559	74.55%	1,254	7,015
ROMANO	29,018	3,558	12.26%	1,255	1,219
VIDALES	3,774	3,557	94.25%	1,256	8,697
LLANOS	4,089	3,556	86.97%	1,257	8,106
GILL	74,948	3,553	4.74%	1,258	435
MANCIA	4,089	3,548	86.77%	1,259	8,106
ALDERETE	3,903	3,545	90.83%	1,260	8,464
WARREN	152,147	3,545	2.33%	1,261	181
VILLAVICENCIO	4,102	3,541	86.32%	1,262	8,082
SOLARES	3,812	3,540	92.86%	1,263	8,629
MILLS	151,942	3,540	2.33%	1,264	182
LICEA	3,698	3,539	95.70%	1,265	8,860
MAES	6,033	3,538	58.64%	1,266	5,746
NICHOLS	145,584	3,538	2.43%	1,267	189
REA	14,819	3,531	23.83%	1,268	2,443
MATUTE	3,892	3,528	90.65%	1,269	8,478
GLORIA	4,878	3,522	72.20%	1,270	6,888
LAINEZ	3,762	3,522	93.62%	1,271	8,720
OSPINA	3,774	3,520	93.27%	1,272	8,697
ESTEBAN	5,240	3,519	67.16%	1,273	6,480
RETANA	3,710	3,515	94.74%	1,274	8,832
GAMA	4,513	3,514	77.86%	1,275	7,383
CHAN	76,664	3,511	4.58%	1,276	425
PETERS	137,513	3,507	2.55%	1,277	205
HANSEN	137,977	3,505	2.54%	1,278	204
CUNNINGHAM	135,718	3,502	2.58%	1,279	211
CASTELAN	3,611	3,500	96.93%	1,280	9,048
MERIDA	4,411	3,495	79.23%	1,281	7,536
HAWKINS	139,751	3,494	2.50%	1,282	200
OCEGUERA	3,599	3,486	96.86%	1,283	9,081
RICE	149,500	3,483	2.33%	1,284	184
VILLAGRAN	3,659	3,458	94.51%	1,285	8,946
AVILEZ	3,771	3,457	91.67%	1,286	8,705
HART	137,184	3,457	2.52%	1,287	207
SALAMANCA	3,947	3,453	87.48%	1,288	8,386
PAYNE	142,601	3,451	2.42%	1,289	195
DUNCAN	135,187	3,447	2.55%	1,290	212
BERNABE	4,915	3,446	70.11%	1,291	6,848
JOHNSTON	131,373	3,442	2.62%	1,292	225
SCHMIDT	147,034	3,441	2.34%	1,293	185
GARDEA	3,781	3,441	91.01%	1,294	8,688
MEYER	150,895	3,440	2.28%	1,295	183
ANDREWS	133,799	3,439	2.57%	1,296	218
GILBERT	114,940	3,425	2.98%	1,297	268
PIERCE	138,629	3,424	2.47%	1,298	202
HOYOS	3,694	3,424	92.69%	1,299	8,865
MARRUFO	3,626	3,422	94.37%	1,300	9,017
ALCOCER	3,693	3,418	92.55%	1,301	8,867
KNIGHT	136,713	3,418	2.50%	1,302	209
VILLELA	3,716	3,417	91.95%	1,303	8,812
LEZAMA	3,840	3,416	88.96%	1,304	8,578
ANDUJAR	3,773	3,410	90.38%	1,305	8,700
PLASENCIA	3,608	3,410	94.51%	1,306	9,058
RAY	133,171	3,409	2.56%	1,307	220
VERAS	3,776	3,404	90.15%	1,308	8,694
MARCANO	4,256	3,403	79.96%	1,309	7,789
REYNAGA	3,522	3,403	96.62%	1,310	9,241
ALVARES	3,789	3,403	89.81%	1,311	8,673
PEREYRA	3,877	3,402	87.75%	1,312	8,496
VENCES	3,470	3,399	97.95%	1,313	9,375
RONQUILLO	4,881	3,385	69.35%	1,314	6,885
BORJAS	3,609	3,382	93.71%	1,315	9,054
VALTIERRA	3,576	3,372	94.30%	1,316	9,132
HICKS	158,320	3,372	2.13%	1,317	170
ORTEZ	3,762	3,370	89.58%	1,318	8,720
MANRIQUE	3,847	3,367	87.52%	1,319	8,562
BERRY	132,812	3,360	2.53%	1,320	222
GUAMAN	3,439	3,351	97.44%	1,321	9,461
ARNOLD	138,893	3,347	2.41%	1,322	201
DAVID	44,040	3,343	7.59%	1,323	782
UMANZOR	3,432	3,343	97.41%	1,324	9,479
LLANES	4,197	3,342	79.63%	1,325	7,888
MUNOS	3,610	3,338	92.47%	1,326	9,050
BASURTO	3,522	3,335	94.69%	1,327	9,241
BAILON	3,702	3,335	90.09%	1,328	8,850
TAFOLLA	3,584	3,333	93.00%	1,329	9,114
OLSON	164,035	3,330	2.03%	1,330	157
AUSTIN	119,706	3,328	2.78%	1,331	253
ABAD	6,446	3,322	51.54%	1,332	5,401
SUSTAITA	3,547	3,321	93.63%	1,333	9,195
RILEY	133,872	3,320	2.48%	1,334	217
ATENCIO	4,456	3,319	74.48%	1,335	7,477
SEGARRA	3,871	3,319	85.74%	1,336	8,509
REBOLLAR	3,397	3,315	97.59%	1,337	9,568
BOYD	153,469	3,315	2.16%	1,338	176
CHINCHILLA	3,561	3,311	92.98%	1,339	9,165
ARCINIEGA	3,478	3,302	94.94%	1,340	9,352
COBIAN	3,548	3,301	93.04%	1,341	9,192
CENDEJAS	3,390	3,293	97.14%	1,342	9,590
SAINZ	3,869	3,292	85.09%	1,343	8,511
MENDOSA	3,568	3,290	92.21%	1,344	9,144
FABELA	3,713	3,285	88.47%	1,345	8,817
SAMAYOA	3,458	3,285	95.00%	1,346	9,403
COREAS	3,369	3,278	97.30%	1,347	9,633
GARDNER	142,894	3,272	2.29%	1,348	194
SAEZ	3,745	3,269	87.29%	1,349	8,758
ZABALA	4,348	3,261	75.00%	1,350	7,637
FRANKLIN	120,621	3,257	2.70%	1,351	251
UGALDE	3,789	3,256	85.93%	1,352	8,673
LANDIN	4,722	3,255	68.93%	1,353	7,093
LUA	3,624	3,244	89.51%	1,354	9,023
LAWRENCE	129,699	3,242	2.50%	1,355	232
SAMANO	3,547	3,239	91.32%	1,356	9,195
ARIZMENDI	3,432	3,236	94.29%	1,357	9,479
SOLTERO	3,450	3,233	93.71%	1,358	9,427
BANEGAS	3,493	3,229	92.44%	1,359	9,320
GUSMAN	4,095	3,223	78.71%	1,360	8,097
LOBATO	4,047	3,219	79.54%	1,361	8,201
CABRALES	3,516	3,219	91.55%	1,362	9,258
ARCEO	4,265	3,209	75.24%	1,363	7,782
CANCEL	3,801	3,203	84.27%	1,364	8,649
NICOLAS	9,006	3,201	35.54%	1,365	3,951
BRADLEY	136,720	3,199	2.34%	1,366	208
PARAMO	3,348	3,199	95.55%	1,367	9,691
ADORNO	3,783	3,197	84.51%	1,368	8,686
MAYO	35,228	3,195	9.07%	1,369	989
CANELA	3,619	3,190	88.15%	1,370	9,030
ECHAVARRIA	3,402	3,190	93.77%	1,371	9,557
DUNN	141,427	3,182	2.25%	1,372	197
MARCOS	5,052	3,180	62.95%	1,373	6,688
VERDIN	5,515	3,179	57.64%	1,374	6,200
SEDILLO	3,704	3,170	85.58%	1,375	8,844
CARROLL	134,317	3,170	2.36%	1,376	215
TARIN	4,524	3,166	69.98%	1,377	7,363
CHAPMAN	127,939	3,160	2.47%	1,378	236
LARES	3,773	3,155	83.62%	1,379	8,700
PAVON	3,589	3,153	87.85%	1,380	9,104
VILLAFUERTE	3,700	3,148	85.08%	1,381	8,854
TRIANA	4,012	3,147	78.44%	1,382	8,259
MAY	103,306	3,141	3.04%	1,383	304
MATTHEWS	131,303	3,138	2.39%	1,384	226
BEDOYA	3,429	3,138	91.51%	1,385	9,486
LANE	134,227	3,127	2.33%	1,386	216
HORTA	3,889	3,124	80.33%	1,387	8,481
ZAPIEN	3,298	3,123	94.69%	1,388	9,818
PERKINS	131,440	3,115	2.37%	1,389	223
TAVERA	3,441	3,113	90.47%	1,390	9,455
ARECHIGA	3,306	3,110	94.07%	1,391	9,794
URIOSTEGUI	3,177	3,092	97.32%	1,392	10,155
VELAZCO	3,282	3,088	94.09%	1,393	9,854
URIARTE	3,597	3,084	85.74%	1,394	9,085
LEYBA	3,836	3,081	80.32%	1,395	8,587
SNYDER	160,262	3,077	1.92%	1,396	165
DORANTES	3,181	3,068	96.45%	1,397	10,136
KELLEY	140,693	3,067	2.18%	1,398	198
POMPA	4,217	3,066	72.71%	1,399	7,851
IRAHETA	3,182	3,065	96.32%	1,400	10,132
OBANDO	3,404	3,061	89.92%	1,401	9,551
DELCASTILLO	4,013	3,058	76.20%	1,402	8,254
BRAMBILA	3,176	3,054	96.16%	1,403	10,159
MARTELL	11,158	3,054	27.37%	1,404	3,234
JENSEN	115,679	3,054	2.64%	1,405	265
WEAVER	143,837	3,049	2.12%	1,406	192
NAVARRETTE	3,489	3,045	87.27%	1,407	9,334
CHANG	81,939	3,040	3.71%	1,408	391
ARIZA	3,316	3,039	91.65%	1,409	9,770
MANJARREZ	3,179	3,037	95.53%	1,410	10,145
VILLAGRANA	3,142	3,037	96.66%	1,411	10,258
CUETO	3,833	3,034	79.15%	1,412	8,593
MONTEJANO	3,263	3,031	92.89%	1,413	9,907
LIRIANO	3,139	3,016	96.08%	1,414	10,268
MORRISON	121,130	3,016	2.49%	1,415	250
JOSEPH	100,959	3,009	2.98%	1,416	313
WILLIS	130,152	3,007	2.31%	1,417	230
JARQUIN	3,132	3,007	96.01%	1,418	10,290
ELLIOTT	135,765	3,000	2.21%	1,419	210
DEAN	114,030	2,999	2.63%	1,420	269
LEMOS	5,147	2,997	58.23%	1,421	6,579
PINZON	3,392	2,995	88.30%	1,422	9,583
DOMINGO	11,012	2,994	27.19%	1,423	3,283
MOLINAR	3,577	2,990	83.59%	1,424	9,129
JACOBS	118,614	2,989	2.52%	1,425	257
MALAGON	3,115	2,977	95.57%	1,426	10,339
CASTILLEJA	3,183	2,976	93.50%	1,427	10,125
UGARTE	3,272	2,975	90.92%	1,428	9,881
DUBON	3,223	2,972	92.21%	1,429	10,001
VALENTINE	40,395	2,969	7.35%	1,430	856
HUDSON	134,963	2,969	2.20%	1,431	214
LYNCH	117,708	2,966	2.52%	1,432	259
BARRERAS	3,496	2,966	84.84%	1,433	9,313
FRANCIS	78,327	2,961	3.78%	1,434	413
BURKE	122,877	2,961	2.41%	1,435	246
DELACERDA	3,395	2,952	86.95%	1,436	9,573
PINEIRO	3,461	2,949	85.21%	1,437	9,395
GUTIERRES	3,090	2,948	95.40%	1,438	10,416
VIEYRA	3,180	2,944	92.58%	1,439	10,140
TENA	3,279	2,941	89.69%	1,440	9,865
WHEELER	125,058	2,939	2.35%	1,441	243
ROBLERO	3,043	2,937	96.52%	1,442	10,539
CORTINAS	3,222	2,934	91.06%	1,443	10,006
COHEN	89,091	2,931	3.29%	1,444	351
MORILLO	3,477	2,931	84.30%	1,445	9,355
MCCOY	110,744	2,924	2.64%	1,446	278
SINGH	116,749	2,919	2.50%	1,447	260
ONOFRE	3,099	2,919	94.19%	1,448	10,396
REID	111,360	2,918	2.62%	1,449	275
HARVEY	115,662	2,915	2.52%	1,450	266
AGUSTIN	6,375	2,915	45.73%	1,451	5,458
ESCARENO	3,079	2,911	94.54%	1,452	10,448
ZAVALETA	3,036	2,909	95.82%	1,453	10,555
VALLEJOS	3,487	2,907	83.37%	1,454	9,338
BENITES	3,181	2,904	91.29%	1,455	10,136
ROCA	3,819	2,882	75.46%	1,456	8,611
VIVAR	3,158	2,881	91.23%	1,457	10,200
MANCHA	3,248	2,879	88.64%	1,458	9,932
HARPER	124,461	2,875	2.31%	1,459	245
CARR	119,076	2,870	2.41%	1,460	255
RAEL	3,592	2,870	79.90%	1,461	9,093
TABARES	3,155	2,864	90.78%	1,462	10,215
VIZCAINO	3,020	2,860	94.70%	1,463	10,603
CEVALLOS	3,069	2,859	93.16%	1,464	10,471
ESCUDERO	3,352	2,857	85.23%	1,465	9,684
MOROCHO	2,918	2,856	97.88%	1,466	10,910
SEDANO	3,048	2,855	93.67%	1,467	10,525
PALENCIA	3,241	2,850	87.94%	1,468	9,959
MELARA	3,157	2,848	90.21%	1,469	10,204
RECIO	3,442	2,845	82.66%	1,470	9,451
CANCINO	3,139	2,841	90.51%	1,471	10,268
DOUGLAS	101,458	2,841	2.80%	1,472	311
BERNARD	38,512	2,838	7.37%	1,473	899
CARPENTER	129,898	2,832	2.18%	1,474	231
GRANDE	7,904	2,828	35.78%	1,475	4,487
AGUILLON	3,076	2,828	91.94%	1,476	10,453
ANCHONDO	3,003	2,826	94.11%	1,477	10,653
MOSQUERA	3,286	2,825	85.97%	1,478	9,846
GALEANO	3,204	2,825	88.17%	1,479	10,059
MASCORRO	3,077	2,823	91.75%	1,480	10,451
ALDACO	2,953	2,818	95.43%	1,481	10,797
SAHAGUN	3,421	2,816	82.32%	1,482	9,501
MONTERROSO	2,964	2,812	94.87%	1,483	10,763
ALAMO	3,448	2,807	81.41%	1,484	9,433
BARILLAS	2,942	2,806	95.38%	1,485	10,826
GUIZAR	2,951	2,805	95.05%	1,486	10,803
GENAO	3,188	2,803	87.92%	1,487	10,103
GALEANA	2,921	2,801	95.89%	1,488	10,900
PEDRO	6,649	2,801	42.13%	1,489	5,246
GREENE	126,101	2,787	2.21%	1,490	241
MORONES	3,081	2,787	90.46%	1,491	10,440
HOFFMAN	131,401	2,786	2.12%	1,492	224
RESTO	3,199	2,781	86.93%	1,493	10,075
MERCED	3,233	2,780	85.99%	1,494	9,978
WELCH	108,987	2,779	2.55%	1,495	284
SANJUAN	4,232	2,775	65.57%	1,496	7,825
SALOMON	6,745	2,773	41.11%	1,497	5,182
SILVERIO	3,848	2,769	71.96%	1,498	8,559
RUBALCABA	2,955	2,766	93.60%	1,499	10,792
LAZCANO	2,911	2,764	94.95%	1,500	10,935
BISHOP	116,618	2,764	2.37%	1,501	262
MEMBRENO	2,898	2,761	95.27%	1,502	10,977
NGUYEN	437,645	2,757	0.63%	1,503	38
HOWELL	112,041	2,756	2.46%	1,504	272
VILLAFANA	3,003	2,756	91.77%	1,505	10,653
MONARREZ	2,860	2,755	96.33%	1,506	11,099
URBANO	4,368	2,755	63.07%	1,507	7,612
OBRIEN	118,557	2,751	2.32%	1,508	258
CASIAS	3,303	2,749	83.23%	1,509	9,800
SEGUNDO	3,148	2,744	87.17%	1,510	10,237
GONGORA	3,205	2,737	85.40%	1,511	10,050
POSADAS	3,554	2,737	77.01%	1,512	9,177
ASENCIO	3,006	2,734	90.95%	1,513	10,645
MONTGOMERY	115,953	2,725	2.35%	1,514	263
HILARIO	3,854	2,724	70.68%	1,515	8,541
LOAIZA	2,854	2,694	94.39%	1,516	11,114
VASQUES	3,099	2,693	86.90%	1,517	10,396
DELROSARIO	8,402	2,693	32.05%	1,518	4,218
LUERA	2,941	2,689	91.43%	1,519	10,829
CUENCA	3,381	2,686	79.44%	1,520	9,611
VALERA	3,944	2,679	67.93%	1,521	8,392
VITAL	5,004	2,676	53.48%	1,522	6,739
TRONCOSO	2,943	2,676	90.93%	1,523	10,822
MONTIJO	3,000	2,666	88.87%	1,524	10,663
GAETA	4,688	2,665	56.85%	1,525	7,133
WATKINS	127,083	2,656	2.09%	1,526	240
BARRETT	100,104	2,653	2.65%	1,527	314
MURRIETA	2,835	2,653	93.58%	1,528	11,160
NEWMAN	101,931	2,650	2.60%	1,529	307
NAJAR	3,296	2,646	80.28%	1,530	9,821
DELANGEL	2,729	2,645	96.92%	1,531	11,524
JIMINEZ	3,108	2,643	85.04%	1,532	10,371
GUARDIOLA	2,889	2,640	91.38%	1,533	11,010
MIJARES	3,259	2,628	80.64%	1,534	9,912
CABEZAS	2,909	2,627	90.31%	1,535	10,947
QUIROS	3,059	2,621	85.68%	1,536	10,491
FIERROS	2,751	2,620	95.24%	1,537	11,448
LOYOLA	3,508	2,620	74.69%	1,538	9,279
MARIA	4,500	2,619	58.20%	1,539	7,395
ASTUDILLO	2,849	2,619	91.93%	1,540	11,127
LAWSON	119,053	2,619	2.20%	1,541	256
CURTIS	101,801	2,616	2.57%	1,542	309
LAMBERT	93,678	2,614	2.79%	1,543	329
RONDON	3,049	2,611	85.63%	1,544	10,520
WILLIAMSON	114,959	2,610	2.27%	1,545	267
LOMAS	4,667	2,606	55.84%	1,546	7,167
COSTILLA	2,872	2,606	90.74%	1,547	11,062
LANTIGUA	2,740	2,600	94.89%	1,548	11,484
RAYMUNDO	3,764	2,597	69.00%	1,549	8,718
COELLO	2,919	2,595	88.90%	1,550	10,907
BANKS	105,833	2,593	2.45%	1,551	292
GONSALES	2,861	2,592	90.60%	1,552	11,095
MAREZ	3,056	2,591	84.78%	1,553	10,499
ROCHE	18,940	2,587	13.66%	1,554	1,895
BURTON	110,529	2,586	2.34%	1,555	280
CID	2,975	2,586	86.92%	1,556	10,731
OLAGUE	2,827	2,584	91.40%	1,557	11,185
GAUNA	3,012	2,574	85.46%	1,558	10,631
CLAROS	2,798	2,572	91.92%	1,559	11,290
CALLES	3,026	2,570	84.93%	1,560	10,589
MANCILLAS	2,751	2,568	93.35%	1,561	11,448
FULLER	110,116	2,566	2.33%	1,562	281
GODINA	3,203	2,564	80.05%	1,563	10,064
MOREJON	2,715	2,562	94.36%	1,564	11,578
MONSIVAIS	2,632	2,554	97.04%	1,565	11,894
ABURTO	2,663	2,553	95.87%	1,566	11,764
PECINA	2,842	2,553	89.83%	1,567	11,142
GABALDON	3,148	2,553	81.10%	1,568	10,237
CUADRA	2,863	2,552	89.14%	1,569	11,086
JOYA	2,821	2,546	90.25%	1,570	11,204
SIMS	113,374	2,540	2.24%	1,571	270
LAGOS	3,254	2,539	78.03%	1,572	9,924
REINA	4,180	2,534	60.62%	1,573	7,915
SILVESTRE	3,550	2,529	71.24%	1,574	9,190
DAY	105,091	2,522	2.40%	1,575	294
PALOS	2,880	2,514	87.29%	1,576	11,040
MARRON	5,129	2,513	49.00%	1,577	6,606
ARDON	2,870	2,507	87.35%	1,578	11,069
VIVAS	2,746	2,504	91.19%	1,579	11,466
SAMORA	3,180	2,502	78.68%	1,580	10,140
ESPINDOLA	2,704	2,496	92.31%	1,581	11,608
AROCHO	2,703	2,495	92.30%	1,582	11,610
NAPOLES	2,784	2,495	89.62%	1,583	11,335
CARLSON	120,552	2,495	2.07%	1,584	252
EVANGELISTA	8,964	2,491	27.79%	1,585	3,967
GATICA	2,678	2,490	92.98%	1,586	11,704
SEDA	3,164	2,490	78.70%	1,587	10,186
PICAZO	2,687	2,488	92.59%	1,588	11,669
DELAVEGA	3,360	2,481	73.84%	1,589	9,661
ESCALONA	3,055	2,480	81.18%	1,590	10,505
MARADIAGA	2,584	2,479	95.94%	1,591	12,068
MIRABAL	2,896	2,478	85.57%	1,592	10,983
GAXIOLA	2,696	2,476	91.84%	1,593	11,627
MEDEROS	2,875	2,476	86.12%	1,594	11,057
KEYES	18,252	2,471	13.54%	1,595	1,979
GUIDO	7,068	2,470	34.95%	1,596	4,971
ALVIDREZ	2,634	2,466	93.62%	1,597	11,886
BORUNDA	2,693	2,464	91.50%	1,598	11,642
JIMENES	2,555	2,461	96.32%	1,599	12,192
FIELDS	107,522	2,452	2.28%	1,600	288
BLANCAS	2,608	2,450	93.94%	1,601	11,977
PANDO	3,065	2,449	79.90%	1,602	10,480
NUNES	12,191	2,449	20.09%	1,603	2,942
BARNETT	95,681	2,449	2.56%	1,604	324
ATILANO	2,665	2,443	91.67%	1,605	11,753
LICON	2,756	2,443	88.64%	1,606	11,430
ZAMARRON	2,617	2,442	93.31%	1,607	11,946
DAVIDSON	103,930	2,442	2.35%	1,608	301
COLINDRES	2,560	2,441	95.35%	1,609	12,174
GARRETT	110,697	2,435	2.20%	1,610	279
BRACAMONTES	2,553	2,434	95.34%	1,611	12,199
CLARKE	68,281	2,431	3.56%	1,612	487
HOLLAND	102,538	2,430	2.37%	1,613	305
JERONIMO	2,641	2,427	91.90%	1,614	11,856
CORPUS	3,901	2,426	62.19%	1,615	8,467
MENDES	10,162	2,425	23.86%	1,616	3,514
LEMA	3,913	2,420	61.85%	1,617	8,439
AGUDELO	2,622	2,417	92.18%	1,618	11,933
CHAMORRO	2,602	2,416	92.85%	1,619	12,003
PEREDA	2,800	2,416	86.29%	1,620	11,283
LOBO	4,830	2,415	50.00%	1,621	6,943
DIEZ	3,502	2,415	68.96%	1,622	9,293
COTO	2,814	2,414	85.79%	1,623	11,229
DERAS	2,567	2,413	94.00%	1,624	12,136
MUJICA	2,594	2,411	92.95%	1,625	12,033
MURCIA	2,563	2,410	94.03%	1,626	12,156
TINEO	2,792	2,408	86.25%	1,627	11,312
LUPERCIO	2,475	2,403	97.09%	1,628	12,520
ORANTES	2,507	2,402	95.81%	1,629	12,399
COREA	3,176	2,402	75.63%	1,630	10,159
REINOSO	2,609	2,396	91.84%	1,631	11,971
LARSON	122,587	2,390	1.95%	1,632	247
WEBER	109,433	2,386	2.18%	1,633	283
BENCOMO	2,563	2,385	93.06%	1,634	12,156
BUSTILLO	2,690	2,382	88.55%	1,635	11,653
GIMENEZ	2,975	2,379	79.97%	1,636	10,731
DEALBA	2,662	2,378	89.33%	1,637	11,767
SAVALA	3,031	2,377	78.42%	1,638	10,577
PESINA	2,662	2,364	88.81%	1,639	11,767
LOPEZLOPEZ	2,415	2,363	97.85%	1,640	12,775
LOWE	92,260	2,362	2.56%	1,641	334
CHICO	3,308	2,361	71.37%	1,642	9,788
OLIVERAS	2,591	2,358	91.01%	1,643	12,042
BRIZUELA	2,538	2,355	92.79%	1,644	12,255
MORELOS	2,567	2,351	91.59%	1,645	12,136
WALTERS	89,376	2,351	2.63%	1,646	350
CHAMBERS	94,988	2,346	2.47%	1,647	326
HANSON	111,144	2,345	2.11%	1,648	276
REBOLLEDO	2,479	2,345	94.59%	1,649	12,504
DELAPENA	4,051	2,344	57.86%	1,650	8,189
BOWMAN	105,007	2,342	2.23%	1,651	296
NATAL	3,190	2,342	73.42%	1,652	10,095
MANCERA	2,424	2,337	96.41%	1,653	12,732
SAGASTUME	2,465	2,332	94.60%	1,654	12,560
TERRY	87,000	2,332	2.68%	1,655	361
SCHULTZ	104,888	2,329	2.22%	1,656	297
COLORADO	2,650	2,322	87.62%	1,657	11,810
MOSCOSO	2,669	2,316	86.77%	1,658	11,739
WALSH	105,079	2,312	2.20%	1,659	295
GERENA	2,871	2,309	80.42%	1,660	11,066
HENAO	2,431	2,306	94.86%	1,661	12,696
BATES	95,622	2,304	2.41%	1,662	325
ALBINO	3,453	2,301	66.64%	1,663	9,418
CARDIEL	2,517	2,300	91.38%	1,664	12,351
GILES	40,598	2,298	5.66%	1,665	849
LIZAMA	2,960	2,294	77.50%	1,666	10,777
MINAYA	2,425	2,284	94.19%	1,667	12,729
CHAVARIN	2,341	2,284	97.57%	1,668	13,099
RAFAEL	3,631	2,284	62.90%	1,669	9,006
PEARSON	101,836	2,281	2.24%	1,670	308
RICARDO	3,448	2,278	66.07%	1,671	9,433
GREGORY	91,384	2,275	2.49%	1,672	339
WADE	97,040	2,271	2.34%	1,673	319
LIMAS	2,504	2,270	90.65%	1,674	12,417
POZO	2,482	2,269	91.42%	1,675	12,491
RAYO	2,541	2,267	89.22%	1,676	12,242
TERCERO	2,403	2,264	94.22%	1,677	12,827
BREWER	103,318	2,263	2.19%	1,678	303
DENNIS	78,482	2,260	2.88%	1,679	409
VILLASANA	2,438	2,259	92.66%	1,680	12,676
BUGARIN	2,915	2,259	77.50%	1,681	10,919
FOWLER	104,515	2,258	2.16%	1,682	299
TROCHE	2,627	2,251	85.69%	1,683	11,919
BARGAS	2,979	2,248	75.46%	1,684	10,724
ORDUNO	2,347	2,247	95.74%	1,685	13,081
VILCHIS	2,311	2,246	97.19%	1,686	13,221
BOLIVAR	2,997	2,246	74.94%	1,687	10,671
VILLAFANE	2,454	2,240	91.28%	1,688	12,613
MENDIVIL	2,474	2,238	90.46%	1,689	12,525
SANTIZO	2,350	2,233	95.02%	1,690	13,065
VARA	3,307	2,231	67.46%	1,691	9,790
ORDUNA	2,435	2,230	91.58%	1,692	12,683
VILLICANA	2,335	2,229	95.46%	1,693	13,124
LEONARDO	6,007	2,229	37.11%	1,694	5,766
CAPETILLO	2,388	2,227	93.26%	1,695	12,884
ULIBARRI	3,013	2,224	73.81%	1,696	10,628
GRAMAJO	2,284	2,223	97.33%	1,697	13,349
CALERO	2,446	2,222	90.84%	1,698	12,649
REEVES	81,978	2,222	2.71%	1,699	390
MANN	83,510	2,221	2.66%	1,700	378
KELLER	98,268	2,221	2.26%	1,701	317
BLAS	3,612	2,221	61.49%	1,702	9,045
HUEZO	2,326	2,220	95.44%	1,703	13,155
ESCARCEGA	2,363	2,218	93.86%	1,704	12,994
DEHERRERA	2,719	2,216	81.50%	1,705	11,560
PATLAN	2,367	2,214	93.54%	1,706	12,971
LEONARD	91,475	2,214	2.42%	1,707	338
COMPEAN	2,298	2,206	96.00%	1,708	13,271
DURAZO	2,395	2,200	91.86%	1,709	12,856
STANLEY	96,867	2,199	2.27%	1,710	321
JENNINGS	89,700	2,198	2.45%	1,711	347
POWERS	91,970	2,198	2.39%	1,712	336
CRAIG	92,507	2,192	2.37%	1,713	332
JOVEL	2,275	2,191	96.31%	1,714	13,391
GRAVES	84,179	2,189	2.60%	1,715	371
BRYAN	57,143	2,189	3.83%	1,716	585
SCHNEIDER	101,290	2,188	2.16%	1,717	312
MATTA	5,610	2,187	38.98%	1,718	6,111
NOVA	2,928	2,184	74.59%	1,719	10,886
ZUBIA	2,340	2,182	93.25%	1,720	13,101
DONIS	2,884	2,181	75.62%	1,721	11,026
LOGAN	67,909	2,180	3.21%	1,722	492
CABANAS	2,528	2,178	86.16%	1,723	12,296
REYNOSA	2,337	2,178	93.20%	1,724	13,115
PAGE	82,992	2,174	2.62%	1,725	383
CORTINA	3,031	2,170	71.59%	1,726	10,577
CRISTOBAL	3,602	2,168	60.19%	1,727	9,074
ZARCO	2,304	2,167	94.05%	1,728	13,251
BARROS	7,134	2,164	30.33%	1,729	4,934
CRESPIN	2,734	2,162	79.08%	1,730	11,504
VAQUERA	2,269	2,162	95.28%	1,731	13,431
PRUNEDA	2,294	2,160	94.16%	1,732	13,297
FLETCHER	83,063	2,160	2.60%	1,733	382
BANOS	2,455	2,159	87.94%	1,734	12,607
DELAMORA	2,281	2,151	94.30%	1,735	13,360
CALDWELL	93,944	2,151	2.29%	1,736	327
URREA	2,360	2,150	91.10%	1,737	13,007
CAICEDO	2,356	2,150	91.26%	1,738	13,034
STEELE	88,230	2,144	2.43%	1,739	355
CORADO	2,300	2,138	92.96%	1,740	13,264
BOWEN	78,822	2,136	2.71%	1,741	407
SOZA	2,499	2,133	85.35%	1,742	12,432
BARTON	68,233	2,129	3.12%	1,743	488
LITTLE	105,936	2,129	2.01%	1,744	291
BARKER	87,162	2,127	2.44%	1,745	360
BASQUEZ	2,442	2,127	87.10%	1,746	12,661
VALDERRAMA	2,445	2,126	86.95%	1,747	12,652
POLO	3,598	2,126	59.09%	1,748	9,084
SALES	10,439	2,125	20.36%	1,749	3,418
PENATE	2,211	2,125	96.11%	1,750	13,696
HAYNES	85,974	2,124	2.47%	1,751	366
CARINO	5,373	2,123	39.51%	1,752	6,344
FUERTE	2,422	2,123	87.65%	1,753	12,744
BUENDIA	2,635	2,122	80.53%	1,754	11,882
HIGAREDA	2,189	2,122	96.94%	1,755	13,810
VILA	3,016	2,120	70.29%	1,756	10,615
BRACAMONTE	2,423	2,118	87.41%	1,757	12,740
GREGORIO	5,228	2,118	40.51%	1,758	6,494
VIDES	2,282	2,117	92.77%	1,759	13,357
AMADO	3,680	2,115	57.47%	1,760	8,896
NATIVIDAD	4,198	2,113	50.33%	1,761	7,885
OSORNIO	2,169	2,113	97.42%	1,762	13,922
PINERO	2,585	2,111	81.66%	1,763	12,064
CANIZALES	2,198	2,109	95.95%	1,764	13,764
ANTHONY	55,114	2,105	3.82%	1,765	618
CARRERAS	2,639	2,103	79.69%	1,766	11,865
BARRIENTES	2,287	2,102	91.91%	1,767	13,334
URQUIZA	2,188	2,099	95.93%	1,768	13,815
OLMEDA	2,298	2,099	91.34%	1,769	13,271
GRACIANO	2,266	2,098	92.59%	1,770	13,440
LOVE	82,873	2,097	2.53%	1,771	385
HALE	86,618	2,096	2.42%	1,772	362
FRAZIER	92,152	2,092	2.27%	1,773	335
SANTISTEVAN	2,595	2,092	80.62%	1,774	12,031
PAUL	78,256	2,089	2.67%	1,775	415
CANSECO	2,212	2,088	94.39%	1,776	13,690
MCDANIEL	88,728	2,085	2.35%	1,777	352
ATKINSON	53,376	2,082	3.90%	1,778	637
PENG	10,575	2,082	19.69%	1,779	3,374
CAMILO	2,396	2,082	86.89%	1,780	12,850
VIVANCO	2,227	2,081	93.44%	1,781	13,603
MONTESINOS	2,172	2,080	95.76%	1,782	13,903
RABAGO	2,794	2,080	74.45%	1,783	11,302
VILLALON	2,522	2,075	82.28%	1,784	12,328
BENSON	86,081	2,075	2.41%	1,785	365
ALAMILLO	2,219	2,074	93.47%	1,786	13,646
MILES	84,942	2,073	2.44%	1,787	368
HOPKINS	96,810	2,072	2.14%	1,788	322
CUESTA	2,520	2,070	82.14%	1,789	12,339
DEARMAS	2,360	2,069	87.67%	1,790	13,007
MAJANO	2,116	2,068	97.73%	1,791	14,191
PUEBLA	2,188	2,059	94.10%	1,792	13,815
CARIAS	2,180	2,056	94.31%	1,793	13,862
FERNANDES	18,018	2,056	11.41%	1,794	2,007
LORENZANA	2,492	2,050	82.26%	1,795	12,454
ANZALDUA	2,317	2,050	88.48%	1,796	13,190
LATORRE	4,026	2,050	50.92%	1,797	8,234
RODGERS	76,095	2,047	2.69%	1,798	428
BECKER	87,859	2,047	2.33%	1,799	357
BALBOA	2,520	2,047	81.23%	1,800	12,339
BERMEJO	2,330	2,046	87.81%	1,801	13,138
PERALEZ	2,243	2,040	90.95%	1,802	13,525
LACAYO	2,299	2,036	88.56%	1,803	13,267
BECK	93,786	2,035	2.17%	1,804	328
OCONNOR	77,923	2,034	2.61%	1,805	417
QUINN	76,986	2,032	2.64%	1,806	422
QUINTANAR	2,205	2,031	92.11%	1,807	13,727
STEVENSON	75,169	2,030	2.70%	1,808	432
CASADO	2,391	2,029	84.86%	1,809	12,872
AGUADO	2,371	2,029	85.58%	1,810	12,953
LUJANO	2,128	2,028	95.30%	1,811	14,119
JACOME	2,313	2,027	87.64%	1,812	13,214
ESPADA	2,245	2,026	90.24%	1,813	13,509
LOPEZGARCIA	2,071	2,026	97.83%	1,814	14,427
WATTS	89,649	2,026	2.26%	1,815	348
VALIENTE	2,530	2,025	80.04%	1,816	12,289
DEDIOS	2,784	2,025	72.74%	1,817	11,335
BERNARDINO	3,111	2,025	65.09%	1,818	10,358
CAMPO	6,470	2,025	31.30%	1,819	5,378
BARRANCO	2,808	2,023	72.04%	1,820	11,257
TOSTADO	2,127	2,022	95.06%	1,821	14,127
ROSALEZ	2,268	2,022	89.15%	1,822	13,435
BEJAR	2,224	2,022	90.92%	1,823	13,622
JUSTINIANO	2,481	2,019	81.38%	1,824	12,496
WARNER	83,781	2,019	2.41%	1,825	375
SHELTON	90,517	2,019	2.23%	1,826	344
LICONA	2,132	2,018	94.65%	1,827	14,096
MARINEZ	2,343	2,018	86.13%	1,828	13,091
RUSSO	48,696	2,016	4.14%	1,829	715
CAZAREZ	2,058	2,016	97.96%	1,830	14,495
ARAUZ	2,156	2,012	93.32%	1,831	13,981
MAISONET	2,305	2,012	87.29%	1,832	13,246
GRANDA	2,859	2,011	70.34%	1,833	11,101
GERARDO	2,546	2,010	78.95%	1,834	12,227
CORNELIO	2,547	2,008	78.84%	1,835	12,221
MIER	3,910	2,006	51.30%	1,836	8,449
AVELLANEDA	2,090	2,004	95.89%	1,837	14,316
MARIANO	9,091	2,004	22.04%	1,838	3,904
GRIFFITH	78,260	2,003	2.56%	1,839	414
COLMENARES	2,168	2,000	92.25%	1,840	13,926
CERVERA	2,329	1,999	85.83%	1,841	13,142
VAUGHN	88,060	1,999	2.27%	1,842	356
ONEILL	50,028	1,996	3.99%	1,843	689
FAZ	2,128	1,994	93.70%	1,844	14,119
ZALDIVAR	2,206	1,993	90.34%	1,845	13,721
BUENTELLO	2,160	1,992	92.22%	1,846	13,964
OCON	2,337	1,991	85.19%	1,847	13,115
FLEMING	90,677	1,986	2.19%	1,848	342
NEAL	91,694	1,981	2.16%	1,849	337
ARELLANES	2,154	1,981	91.97%	1,850	13,991
BLAKE	73,797	1,978	2.68%	1,851	447
LYONS	84,516	1,978	2.34%	1,852	369
NORRIS	89,796	1,976	2.20%	1,853	346
AMBROSIO	3,963	1,975	49.84%	1,854	8,353
PATRICIO	3,636	1,975	54.32%	1,855	8,994
BALCAZAR	2,055	1,975	96.11%	1,856	14,511
DISLA	2,047	1,975	96.48%	1,857	14,558
GARCIALOPEZ	2,023	1,974	97.58%	1,858	14,695
BLAIR	78,026	1,974	2.53%	1,859	416
PANTALEON	2,467	1,973	79.98%	1,860	12,554
GERONIMO	3,443	1,971	57.25%	1,861	9,449
TADEO	2,610	1,970	75.48%	1,862	11,970
ORTUNO	2,058	1,970	95.72%	1,863	14,495
RHODES	90,670	1,968	2.17%	1,864	343
MILAN	6,268	1,966	31.37%	1,865	5,543
JIRON	2,494	1,962	78.67%	1,866	12,447
LUQUE	2,296	1,962	85.45%	1,867	13,283
BALDWIN	80,742	1,962	2.43%	1,868	395
CHRISTIAN	54,198	1,962	3.62%	1,869	626
BYRD	92,904	1,960	2.11%	1,870	331
HAIL	86,240	1,958	2.27%	1,871	364
ALDAPE	2,151	1,958	91.03%	1,872	14,004
MCKINNEY	83,616	1,957	2.34%	1,873	377
CROSS	77,557	1,954	2.52%	1,874	420
AISPURO	2,019	1,953	96.73%	1,875	14,713
ORTEGON	2,166	1,952	90.12%	1,876	13,938
BRENES	2,181	1,946	89.23%	1,877	13,855
BRADY	73,145	1,946	2.66%	1,878	450
HIPOLITO	2,890	1,945	67.30%	1,879	11,007
MONTERROSA	2,032	1,945	95.72%	1,880	14,643
GARCIAGARCIA	1,987	1,945	97.89%	1,881	14,893
CUMMINGS	79,316	1,943	2.45%	1,882	403
ESTEVES	3,913	1,942	49.63%	1,883	8,439
CABA	2,506	1,942	77.49%	1,884	12,407
DAWSON	83,182	1,938	2.33%	1,885	380
SUTTON	90,964	1,938	2.13%	1,886	341
REESE	73,919	1,937	2.62%	1,887	445
COSIO	2,316	1,931	83.38%	1,888	13,195
DELARIVA	2,050	1,931	94.20%	1,889	14,537
CORCHADO	2,055	1,930	93.92%	1,890	14,511
RAMSEY	78,350	1,927	2.46%	1,891	412
BUSH	84,018	1,924	2.29%	1,892	372
URESTI	2,115	1,924	90.97%	1,893	14,197
SUERO	2,161	1,921	88.89%	1,894	13,959
DELALUZ	1,983	1,919	96.77%	1,895	14,930
ESPEJO	2,769	1,917	69.23%	1,896	11,388
CARAVEO	2,060	1,913	92.86%	1,897	14,489
CANTERO	2,253	1,912	84.86%	1,898	13,486
OYOLA	2,051	1,905	92.88%	1,899	14,532
LEVY	37,228	1,902	5.11%	1,900	932
PINALES	1,992	1,901	95.43%	1,901	14,866
CHANDLER	79,186	1,900	2.40%	1,902	404
HORTON	85,195	1,900	2.23%	1,903	367
NEWTON	74,092	1,897	2.56%	1,904	443
CALIX	2,137	1,897	88.77%	1,905	14,076
RENTAS	2,149	1,897	88.27%	1,906	14,014
PLANCARTE	1,946	1,894	97.33%	1,907	15,151
GUEL	2,192	1,888	86.13%	1,908	13,795
ABRAHAM	31,303	1,888	6.03%	1,909	1,120
CURRY	74,919	1,888	2.52%	1,910	436
JULIAN	15,520	1,886	12.15%	1,911	2,349
ARISPE	2,108	1,886	89.47%	1,912	14,227
DELOERA	1,979	1,886	95.30%	1,913	14,946
TISCARENO	1,994	1,885	94.53%	1,914	14,854
BARBER	78,848	1,884	2.39%	1,915	406
BARON	16,308	1,884	11.55%	1,916	2,234
BUITRON	2,075	1,881	90.65%	1,917	14,405
BUITRAGO	2,018	1,881	93.21%	1,918	14,724
OCANA	2,064	1,880	91.09%	1,919	14,468
MARTI	4,860	1,880	38.68%	1,920	6,908
ALBARADO	2,716	1,879	69.18%	1,921	11,576
INZUNZA	1,928	1,878	97.41%	1,922	15,250
LINO	3,625	1,876	51.75%	1,923	9,020
KLEIN	81,471	1,874	2.30%	1,924	392
NOGUERA	2,237	1,874	83.77%	1,925	13,551
BETANCES	1,981	1,872	94.50%	1,926	14,937
GUILLERMO	3,393	1,867	55.03%	1,927	9,581
ROGEL	2,265	1,863	82.25%	1,928	13,445
FIGUEREDO	2,269	1,862	82.06%	1,929	13,431
LEANOS	1,984	1,862	93.85%	1,930	14,920
MAXWELL	67,961	1,862	2.74%	1,931	490
ABRIL	2,379	1,861	78.23%	1,932	12,921
FIMBRES	2,087	1,859	89.08%	1,933	14,338
GRAJALES	1,988	1,859	93.51%	1,934	14,881
MCCARTHY	82,950	1,858	2.24%	1,935	384
MASCARENAS	2,563	1,857	72.45%	1,936	12,156
SANMARTIN	2,121	1,856	87.51%	1,937	14,160
OCEGUEDA	1,900	1,855	97.63%	1,938	15,418
GARFIAS	1,915	1,853	96.76%	1,939	15,322
LOPEZHERNANDEZ	1,893	1,852	97.83%	1,940	15,471
FISCHER	72,357	1,852	2.56%	1,941	455
POPOCA	1,901	1,847	97.16%	1,942	15,409
NEIRA	2,125	1,846	86.87%	1,943	14,139
PICENO	1,932	1,846	95.55%	1,944	15,232
SHARP	78,990	1,840	2.33%	1,945	405
MESTAS	2,375	1,839	77.43%	1,946	12,935
HOLT	87,531	1,838	2.10%	1,947	358
HIGGINS	79,803	1,835	2.30%	1,948	400
SEVERINO	4,051	1,835	45.30%	1,949	8,189
BLANDON	2,628	1,834	69.79%	1,950	11,914
TABOADA	2,074	1,834	88.43%	1,951	14,409
QUISPE	1,953	1,834	93.91%	1,952	15,104
TOBON	1,964	1,834	93.38%	1,953	15,043
SAUNDERS	69,943	1,833	2.62%	1,954	476
SUNIGA	2,193	1,832	83.54%	1,955	13,790
MONCAYO	2,006	1,830	91.23%	1,956	14,794
COLMENERO	1,999	1,830	91.55%	1,957	14,827
GROSS	74,503	1,825	2.45%	1,958	440
PARKS	88,586	1,825	2.06%	1,959	354
WEBSTER	72,625	1,823	2.51%	1,960	453
APOLINAR	2,052	1,823	88.84%	1,961	14,528
INTERIANO	1,898	1,823	96.05%	1,962	15,434
ZAMBRANA	2,040	1,822	89.31%	1,963	14,591
CHIRINOS	1,948	1,822	93.53%	1,964	15,140
OLALDE	1,927	1,820	94.45%	1,965	15,255
BASILIO	3,015	1,820	60.36%	1,966	10,620
GARICA	2,200	1,819	82.68%	1,967	13,752
LOSOYA	1,956	1,817	92.89%	1,968	15,080
MORADO	2,118	1,815	85.69%	1,969	14,178
MATUS	3,952	1,815	45.93%	1,970	8,375
MERLOS	1,886	1,810	95.97%	1,971	15,520
LLANAS	1,941	1,810	93.25%	1,972	15,178
MONROE	55,136	1,808	3.28%	1,973	617
MCKENZIE	59,595	1,806	3.03%	1,974	563
HODGES	70,223	1,805	2.57%	1,975	471
POTTER	72,175	1,804	2.50%	1,976	457
FRANK	67,304	1,804	2.68%	1,977	499
ISAAC	18,903	1,801	9.53%	1,978	1,898
CORDON	2,912	1,801	61.85%	1,979	10,931
TRIGUEROS	1,892	1,801	95.19%	1,980	15,477
CASTILLA	2,071	1,800	86.91%	1,981	14,427
DOMINGUES	2,823	1,800	63.76%	1,982	11,197
REDONDO	2,276	1,797	78.95%	1,983	13,383
VIDAURRI	2,032	1,796	88.39%	1,984	14,643
PEREZLOPEZ	1,836	1,795	97.77%	1,985	15,854
RAYAS	1,885	1,790	94.96%	1,986	15,527
CHRISTENSEN	75,143	1,788	2.38%	1,987	433
DELOSREYES	5,177	1,786	34.50%	1,988	6,540
HARDY	80,252	1,782	2.22%	1,989	399
MCLAUGHLIN	74,816	1,781	2.38%	1,990	437
CERRATO	3,067	1,781	58.07%	1,991	10,473
DOYLE	74,458	1,780	2.39%	1,992	441
GOODMAN	73,136	1,777	2.43%	1,993	451
JOAQUIN	3,559	1,776	49.90%	1,994	9,172
MORATAYA	1,842	1,774	96.31%	1,995	15,806
DONES	4,813	1,773	36.84%	1,996	6,971
DIAZDELEON	1,868	1,772	94.86%	1,997	15,639
SOUZA	22,373	1,772	7.92%	1,998	1,601
BERLANGA	1,935	1,771	91.52%	1,999	15,221
DELBOSQUE	1,956	1,770	90.49%	2,000	15,080