SMITH	2,442,977	1,732,071	70.90%	1	1
JOHNSON	1,932,812	1,139,779	58.97%	2	2
MILLER	1,161,437	976,885	84.11%	3	7
BROWN	1,437,026	832,757	57.95%	4	4
JONES	1,425,470	786,717	55.19%	5	5
WILLIAMS	1,625,252	743,553	45.75%	6	3
DAVIS	1,116,357	694,374	62.20%	7	8
ANDERSON	784,404	589,636	75.17%	8	15
WILSON	801,882	540,148	67.36%	9	14
MARTIN	702,625	525,564	74.80%	10	20
TAYLOR	751,209	491,140	65.38%	11	17
MOORE	724,374	481,057	66.41%	12	18
THOMPSON	664,644	463,789	69.78%	13	23
WHITE	660,491	432,688	65.51%	14	24
CLARK	562,679	420,040	74.65%	15	27
THOMAS	756,142	397,958	52.63%	16	16
BAKER	419,586	334,956	79.83%	17	44
NELSON	424,958	330,022	77.66%	18	43
KING	465,422	326,540	70.16%	19	34
ALLEN	482,607	326,194	67.59%	20	33
YOUNG	484,447	320,995	66.26%	21	32
HARRIS	624,252	320,866	51.40%	22	25
ADAMS	427,865	316,706	74.02%	23	42
LEWIS	531,781	309,656	58.23%	24	29
WALKER	523,129	306,867	58.66%	25	31
WRIGHT	458,980	302,009	65.80%	26	35
HALL	407,076	295,741	72.65%	27	45
ROBERTS	376,774	291,133	77.27%	28	50
CAMPBELL	386,157	284,443	73.66%	29	47
JACKSON	708,099	282,461	39.89%	30	19
HILL	434,827	279,855	64.36%	31	39
PHILLIPS	360,802	276,699	76.69%	32	52
SCOTT	439,530	264,641	60.21%	33	36
ROBINSON	529,821	258,023	48.70%	34	30
MURPHY	308,417	256,325	83.11%	35	64
LEE	693,023	249,142	35.95%	36	21
COOK	302,589	247,518	81.80%	37	65
GREEN	430,182	244,515	56.84%	38	41
EVANS	355,593	243,190	68.39%	39	53
COLLINS	329,770	236,148	71.61%	40	59
PETERSON	278,297	234,855	84.39%	41	71
MORRIS	318,884	234,667	73.59%	42	62
MITCHELL	384,486	234,613	61.02%	43	48
PARKER	336,221	232,564	69.17%	44	56
ROGERS	302,261	227,905	75.40%	45	66
STEWART	324,957	224,773	69.17%	46	61
TURNER	348,627	223,993	64.25%	47	54
WOOD	250,715	222,434	88.72%	48	84
CARTER	376,966	219,394	58.20%	49	49
MORGAN	286,280	217,773	76.07%	50	69
COX	261,231	215,829	82.62%	51	78
KELLY	267,394	208,808	78.09%	52	74
EDWARDS	332,423	206,534	62.13%	53	58
BAILEY	277,845	201,299	72.45%	54	72
REED	277,030	197,495	71.29%	55	73
WARD	260,464	196,859	75.58%	56	79
MYERS	229,895	194,261	84.50%	57	96
SULLIVAN	220,990	193,875	87.73%	58	105
COOPER	280,791	190,741	67.93%	59	70
BENNETT	247,599	189,562	76.56%	60	86
HUGHES	236,271	185,213	78.39%	61	90
LONG	229,374	183,224	79.88%	62	97
FISHER	214,703	177,302	82.58%	63	112
PRICE	235,251	173,921	73.93%	64	91
RUSSELL	221,558	170,710	77.05%	65	104
HOWARD	264,826	170,310	64.31%	66	75
GRAY	246,116	169,032	68.68%	67	87
WATSON	252,579	166,778	66.03%	68	81
REYNOLDS	200,247	162,360	81.08%	69	121
FOSTER	227,764	158,638	69.65%	70	99
ROSS	229,368	158,172	68.96%	71	98
OLSON	164,035	155,440	94.76%	72	157
RICHARDSON	259,798	155,099	59.70%	73	80
BROOKS	251,663	151,551	60.22%	74	82
PERRY	221,741	151,493	68.32%	75	103
STEVENS	185,674	151,213	81.44%	76	135
POWELL	224,874	151,115	67.20%	77	101
SNYDER	160,262	150,758	94.07%	78	165
WEST	195,818	147,803	75.48%	79	125
COLE	195,289	147,111	75.33%	80	126
WAGNER	155,795	144,064	92.47%	81	173
MEYER	150,895	143,109	94.84%	82	183
KENNEDY	176,865	142,942	80.82%	83	146
HAMILTON	201,746	141,646	70.21%	84	119
BARNES	218,241	141,442	64.81%	85	110
GRAHAM	201,159	140,852	70.02%	86	120
SANDERS	230,374	140,021	60.78%	87	94
SCHMIDT	147,034	139,903	95.15%	88	185
MURRAY	184,910	138,535	74.92%	89	136
MCDONALD	180,497	138,351	76.65%	90	143
PATTERSON	205,423	138,188	67.27%	91	117
GIBSON	190,667	137,547	72.14%	92	130
WALLACE	197,276	136,594	69.24%	93	123
BUTLER	218,847	136,473	62.36%	94	108
BELL	220,599	134,808	61.11%	95	106
HAYES	194,246	134,768	69.38%	96	127
FOX	152,334	134,176	88.08%	97	180
BURNS	165,925	133,171	80.26%	98	155
ELLIS	188,968	132,958	70.36%	99	131
STONE	153,329	131,786	85.95%	100	178
RYAN	143,452	131,474	91.65%	101	193
WELLS	176,230	130,410	74.00%	102	147
HENDERSON	218,393	130,228	59.63%	103	109
HANSEN	137,977	130,002	94.22%	104	204
JAMES	249,379	128,630	51.58%	105	85
JENKINS	222,653	128,604	57.76%	106	102
JORDAN	208,403	128,043	61.44%	107	116
WEBB	168,878	127,554	75.53%	108	152
GRIFFIN	198,406	126,524	63.77%	109	122
ROSE	153,397	125,908	82.08%	110	177
HARRISON	181,091	124,337	68.66%	111	141
HOFFMAN	131,401	123,622	94.08%	112	224
SIMMONS	210,182	121,716	57.91%	113	114
MARSHALL	183,922	121,444	66.03%	114	139
WEAVER	143,837	121,413	84.41%	115	192
JOHNSTON	131,373	120,364	91.62%	116	225
OWENS	182,719	120,320	65.85%	117	140
NICHOLS	145,584	119,990	82.42%	118	189
ALEXANDER	204,621	119,069	58.19%	119	118
KELLEY	140,693	117,873	83.78%	120	198
MILLS	151,942	117,755	77.50%	121	182
PALMER	156,601	117,576	75.08%	122	172
TUCKER	167,446	117,229	70.01%	123	153
HUNT	158,421	116,550	73.57%	124	169
LARSON	122,587	116,200	94.79%	125	247
RICE	149,500	116,057	77.63%	126	184
SHAW	160,400	115,600	72.07%	127	164
SIMPSON	163,181	115,500	70.78%	128	158
BLACK	154,738	115,481	74.63%	129	174
FORD	184,832	114,688	62.05%	130	137
CARLSON	120,552	114,319	94.83%	131	252
PETERS	137,513	113,943	82.86%	132	205
DUNN	141,427	113,255	80.08%	133	197
ARNOLD	138,893	112,878	81.27%	134	201
ROBERTSON	153,666	112,822	73.42%	135	175
CRAWFORD	164,457	112,752	68.56%	136	156
BRYANT	192,773	112,695	58.46%	137	128
PIERCE	138,629	112,262	80.98%	138	202
CARPENTER	129,898	111,985	86.21%	139	231
PORTER	163,054	111,806	68.57%	140	159
CARROLL	134,317	111,416	82.95%	141	215
OBRIEN	118,557	111,266	93.85%	142	258
ELLIOTT	135,765	110,811	81.62%	143	210
FREEMAN	169,149	110,793	65.50%	144	151
HART	137,184	110,488	80.54%	145	207
MASON	160,213	110,259	68.82%	146	166
FERGUSON	146,426	109,571	74.83%	147	188
JENSEN	115,679	108,704	93.97%	148	265
COLEMAN	219,070	108,286	49.43%	149	107
GARDNER	142,894	107,185	75.01%	150	194
STEPHENS	144,646	106,893	73.90%	151	190
HICKS	158,320	106,660	67.37%	152	170
WARREN	152,147	106,625	70.08%	153	181
BURKE	122,877	105,588	85.93%	154	246
HENRY	170,964	105,023	61.43%	155	149
GORDON	161,833	103,978	64.25%	156	161
LANE	134,227	103,543	77.14%	157	216
WOODS	177,425	103,439	58.30%	158	144
DUNCAN	135,187	103,269	76.39%	159	212
WEBER	109,433	103,184	94.29%	160	283
RICHARDS	130,529	102,687	78.67%	161	228
HANSON	111,144	102,375	92.11%	162	276
PAYNE	142,601	102,031	71.55%	163	195
CHAPMAN	127,939	101,724	79.51%	164	236
WHEELER	125,058	101,247	80.96%	165	243
RAY	133,171	99,838	74.97%	166	220
SCHULTZ	104,888	99,444	94.81%	167	297
CUNNINGHAM	135,718	99,291	73.16%	168	211
WALSH	105,079	99,279	94.48%	169	295
KNIGHT	136,713	98,857	72.31%	170	209
HUNTER	162,440	98,731	60.78%	171	160
BISHOP	116,618	98,472	84.44%	172	262
ARMSTRONG	135,044	97,758	72.39%	173	213
RILEY	133,872	97,445	72.79%	174	217
SPENCER	139,951	97,140	69.41%	175	199
BOYD	153,469	96,962	63.18%	176	176
LYNCH	117,708	96,874	82.30%	177	259
SCHNEIDER	101,290	96,580	95.35%	178	312
ANDREWS	133,799	96,041	71.78%	179	218
MORRISON	121,130	95,826	79.11%	180	250
BRADLEY	136,720	94,501	69.12%	181	208
BERRY	132,812	93,845	70.66%	182	222
PERKINS	131,440	91,285	69.45%	183	223
WELCH	108,987	90,971	83.47%	184	284
HUDSON	134,963	90,263	66.88%	185	214
KELLER	98,268	89,817	91.40%	186	317
GILBERT	114,940	89,423	77.80%	187	268
LAWRENCE	129,699	89,324	68.87%	188	232
HOWELL	112,041	89,050	79.48%	189	272
HOLMES	156,780	89,035	56.79%	190	171
WILLIAMSON	114,959	88,714	77.17%	191	267
JACOBS	118,614	88,106	74.28%	192	257
LAWSON	119,053	87,909	73.84%	193	256
DAVIDSON	103,930	87,696	84.38%	194	301
CARR	119,076	87,652	73.61%	195	255
DEAN	114,030	87,358	76.61%	196	269
DAY	105,091	87,310	83.08%	197	294
DIXON	159,480	86,518	54.25%	198	167
SCHWARTZ	90,071	86,405	95.93%	199	345
MAY	103,306	86,312	83.55%	200	304
GEORGE	128,625	85,497	66.47%	201	235
GREENE	126,101	85,370	67.70%	202	241
HAWKINS	139,751	85,360	61.08%	203	200
FOWLER	104,515	85,086	81.41%	204	299
BOWMAN	105,007	84,867	80.82%	205	296
BECK	93,786	84,661	90.27%	206	328
NEWMAN	101,931	84,633	83.03%	207	307
HARPER	124,461	84,509	67.90%	208	245
BREWER	103,318	83,998	81.30%	209	303
BECKER	87,859	83,369	94.89%	210	357
MATTHEWS	131,303	83,207	63.37%	211	226
POWERS	91,970	82,405	89.60%	212	336
WILLIS	130,152	80,981	62.22%	213	230
BARRETT	100,104	80,784	80.70%	214	314
AUSTIN	119,706	80,766	67.47%	215	253
FULLER	110,116	80,627	73.22%	216	281
DANIELS	146,570	80,130	54.67%	217	187
CURTIS	101,801	79,303	77.90%	218	309
COHEN	89,091	79,193	88.89%	219	351
WATKINS	127,083	78,830	62.03%	220	240
GRANT	142,277	78,765	55.36%	221	196
HOLLAND	102,538	78,718	76.77%	222	305
MONTGOMERY	115,953	78,686	67.86%	223	263
HARVEY	115,662	78,650	68.00%	224	266
LAMBERT	93,678	78,371	83.66%	225	329
ZIMMERMAN	83,265	78,136	93.84%	226	379
ERICKSON	82,085	78,022	95.05%	227	389
KLEIN	81,471	77,731	95.41%	228	392
GARRETT	110,697	77,444	69.96%	229	279
MCCARTHY	82,950	76,555	92.29%	230	384
STANLEY	96,867	76,322	78.79%	231	321
WOLFE	83,928	76,181	90.77%	232	374
BARKER	87,162	75,378	86.48%	233	360
LUCAS	107,690	74,414	69.10%	234	286
BURTON	110,529	74,408	67.32%	235	280
OLIVER	115,900	74,396	64.19%	236	264
LITTLE	105,936	74,272	70.11%	237	291
WALTERS	89,376	74,111	82.92%	238	350
MCCOY	110,744	74,066	66.88%	239	278
LEONARD	91,475	73,528	80.38%	240	338
PEARSON	101,836	73,464	72.14%	241	308
BARNETT	95,681	73,139	76.44%	242	324
CRAIG	92,507	73,108	79.03%	243	332
OCONNOR	77,923	72,320	92.81%	244	417
BATES	95,622	72,051	75.35%	245	325
GREGORY	91,384	71,864	78.64%	246	339
NORRIS	89,796	71,729	79.88%	247	346
HALE	86,618	71,226	82.23%	248	362
HOPKINS	96,810	71,213	73.56%	249	322
CHRISTENSEN	75,143	70,950	94.42%	250	433
WARNER	83,781	70,560	84.22%	251	375
SWANSON	76,897	69,523	90.41%	252	424
HOLT	87,531	69,482	79.38%	253	358
STEELE	88,230	69,040	78.25%	254	355
ROBBINS	78,381	68,638	87.57%	255	410
FISCHER	72,357	68,262	94.34%	256	455
RHODES	90,670	67,785	74.76%	257	343
MCDANIEL	88,728	67,593	76.18%	258	352
LOWE	92,260	67,387	73.04%	259	334
MANN	83,510	67,134	80.39%	260	378
BENSON	86,081	67,014	77.85%	261	365
HIGGINS	79,803	66,963	83.91%	262	400
REID	111,360	66,627	59.83%	263	275
SHELTON	90,517	66,521	73.49%	264	344
QUINN	76,986	66,385	86.23%	265	422
DOYLE	74,458	66,357	89.12%	266	441
SUTTON	90,964	66,195	72.77%	267	341
GALLAGHER	69,834	66,077	94.62%	268	479
SHARP	78,990	66,012	83.57%	269	405
MCLAUGHLIN	74,816	65,831	87.99%	270	437
GRIFFITH	78,260	65,684	83.93%	271	414
WOLF	70,031	65,598	93.67%	272	474
FRANKLIN	120,621	65,594	54.38%	273	251
FITZGERALD	75,356	65,047	86.32%	274	430
FLEMING	90,677	65,024	71.71%	275	342
SCHROEDER	67,977	64,823	95.36%	276	489
BOWEN	78,822	64,697	82.08%	277	407
POTTER	72,175	64,286	89.07%	278	457
ADKINS	73,599	64,178	87.20%	279	449
CALDWELL	93,944	63,929	68.05%	280	327
BRADY	73,145	63,841	87.28%	281	450
MULLINS	71,646	63,586	88.75%	282	463
JENNINGS	89,700	63,570	70.87%	283	347
REEVES	81,978	63,377	77.31%	284	390
LYONS	84,516	63,286	74.88%	285	369
GROSS	74,503	63,231	84.87%	286	440
HAIL	86,240	63,076	73.14%	287	364
WADE	97,040	63,018	64.94%	288	319
VAUGHN	88,060	62,981	71.52%	289	356
GARCIA	1,166,120	62,737	5.38%	290	6
CHAMBERS	94,988	62,407	65.70%	291	326
PAGE	82,992	62,344	75.12%	292	383
BALDWIN	80,742	62,066	76.87%	293	395
FIELDS	107,522	61,997	57.66%	294	288
BLAIR	78,026	61,953	79.40%	295	416
BAUER	65,004	61,819	95.10%	296	517
SIMS	113,374	61,551	54.29%	297	270
WATTS	89,649	61,517	68.62%	298	348
PARKS	88,586	61,470	69.39%	299	354
MUELLER	64,191	61,405	95.66%	300	523
PARSONS	67,310	61,313	91.09%	301	498
RAMSEY	78,350	60,988	77.84%	302	412
KRAMER	63,936	60,963	95.35%	303	526
FLETCHER	83,063	60,520	72.86%	304	382
BUSH	84,018	60,266	71.73%	305	372
HARTMAN	64,106	60,170	93.86%	306	524
HORTON	85,195	59,628	69.99%	307	367
BARBER	78,848	59,514	75.48%	308	406
DOUGLAS	101,458	59,475	58.62%	309	311
CHANDLER	79,186	58,986	74.49%	310	404
GRAVES	84,179	58,622	69.64%	311	371
CROSS	77,557	58,532	75.47%	312	420
SHERMAN	70,502	58,333	82.74%	313	469
FLYNN	63,400	58,271	91.91%	314	534
BARTON	68,233	58,073	85.11%	315	488
TODD	71,759	57,960	80.77%	316	460
CASEY	66,556	57,831	86.89%	317	504
HARMON	74,737	57,742	77.26%	318	438
TERRY	87,000	57,664	66.28%	319	361
MCKINNEY	83,616	57,561	68.84%	320	377
CUMMINGS	79,316	57,520	72.52%	321	403
GOODMAN	73,136	57,287	78.33%	322	451
NEAL	91,694	56,942	62.10%	323	337
FRANK	67,304	56,899	84.54%	324	499
MORAN	88,615	56,838	64.14%	325	353
DAWSON	83,182	56,813	68.30%	326	380
THORNTON	83,967	56,611	67.42%	327	373
MCGUIRE	64,327	56,608	88.00%	328	521
OWEN	61,630	56,564	91.78%	329	543
HESS	59,486	56,292	94.63%	330	564
NEWTON	74,092	56,058	75.66%	331	443
MARTINEZ	1,060,159	55,976	5.28%	332	10
NORTON	63,722	55,973	87.84%	333	531
GOODWIN	72,451	55,816	77.04%	334	454
SHAFFER	59,943	55,795	93.08%	335	560
BURGESS	73,931	55,707	75.35%	336	444
OLSEN	59,356	55,611	93.69%	337	566
MCCORMICK	63,649	55,585	87.33%	338	532
MANNING	74,949	55,387	73.90%	339	434
ROWE	69,879	55,386	79.26%	340	478
ROTH	58,278	55,283	94.86%	341	574
YODER	56,410	55,152	97.77%	342	598
BOWERS	66,003	55,047	83.40%	343	511
OSBORNE	66,827	54,985	82.28%	344	502
HARRINGTON	66,959	54,913	82.01%	345	500
FRENCH	63,991	54,872	85.75%	346	525
BYRD	92,904	54,823	59.01%	347	331
PETERSEN	58,480	54,632	93.42%	348	571
WEISS	57,112	54,588	95.58%	349	587
HAMMOND	69,515	54,382	78.23%	350	481
BALL	66,059	54,380	82.32%	351	508
WISE	68,649	53,979	78.63%	352	485
FARMER	69,617	53,716	77.16%	353	480
MOSS	76,908	53,628	69.73%	354	423
SPARKS	63,440	53,429	84.22%	355	533
RODGERS	76,095	53,381	70.15%	356	428
WEBSTER	72,625	53,379	73.50%	357	453
GARNER	74,324	53,298	71.71%	358	442
DECKER	56,576	53,159	93.96%	359	597
HOOVER	57,497	52,914	92.03%	360	580
SILVA	161,633	52,709	32.61%	361	163
LARSEN	55,960	52,692	94.16%	362	606
BLAKE	73,797	52,551	71.21%	363	447
HAYNES	85,974	52,513	61.08%	364	366
PAUL	78,256	52,424	66.99%	365	415
SIMON	80,460	52,371	65.09%	366	397
MILES	84,942	52,095	61.33%	367	368
RODRIGUEZ	1,094,924	52,009	4.75%	368	9
FRAZIER	92,152	51,697	56.10%	369	335
STRICKLAND	67,769	51,660	76.23%	370	494
BUCHANAN	66,648	51,586	77.40%	371	503
LAMB	59,913	51,585	86.10%	372	561
HODGES	70,223	51,551	73.41%	373	471
MARSH	62,304	51,550	82.74%	374	537
DENNIS	78,482	51,484	65.60%	375	409
MEYERS	57,127	51,289	89.78%	376	586
YATES	63,254	50,970	80.58%	377	535
BROCK	61,369	50,955	83.03%	378	546
CONNER	64,572	50,734	78.57%	379	518
COCHRAN	59,350	50,620	85.29%	380	567
DANIEL	80,526	50,603	62.84%	381	396
HOGAN	63,085	50,544	80.12%	382	536
LANG	61,529	50,060	81.36%	383	545
HUBBARD	70,362	49,992	71.05%	384	470
WATERS	67,929	49,853	73.39%	385	491
MAXWELL	67,961	49,761	73.22%	386	490
CANNON	71,085	49,603	69.78%	387	466
HARDY	80,252	49,331	61.47%	388	399
GILL	74,948	48,889	65.23%	389	435
REESE	73,919	48,823	66.05%	390	445
DRAKE	61,162	48,654	79.55%	391	549
PATTON	66,293	48,427	73.05%	392	506
SHORT	57,477	48,350	84.12%	393	581
PRATT	61,671	48,128	78.04%	394	541
MALONE	71,286	47,983	67.31%	395	465
FOLEY	51,865	47,742	92.05%	396	661
STEVENSON	75,169	47,687	63.44%	397	432
SHEPHERD	60,479	47,561	78.64%	398	557
SWEENEY	52,410	47,483	90.60%	399	651
MCBRIDE	63,899	47,464	74.28%	400	527
HENSLEY	51,081	47,418	92.83%	401	668
WILKINSON	53,739	47,376	88.16%	402	634
WILCOX	56,286	47,218	83.89%	403	602
ABBOTT	52,739	47,201	89.50%	404	645
SAUNDERS	69,943	47,135	67.39%	405	476
KOCH	49,395	47,068	95.29%	406	698
CAIN	60,948	47,058	77.21%	407	551
FARRELL	52,321	47,026	89.88%	408	652
TOWNSEND	69,360	46,957	67.70%	409	483
LOVE	82,873	46,815	56.49%	410	385
COMBS	54,257	46,704	86.08%	411	624
NORMAN	67,704	46,695	68.97%	412	495
CLINE	50,258	46,670	92.86%	413	684
LLOYD	64,202	46,604	72.59%	414	522
FRANCIS	78,327	46,589	59.48%	415	413
BRENNAN	49,238	46,559	94.56%	416	701
BRYAN	57,143	46,474	81.33%	417	585
MCGEE	74,542	46,402	62.25%	418	439
BALLARD	61,625	46,379	75.26%	419	544
ONEILL	50,028	46,361	92.67%	420	689
WALL	53,794	46,317	86.10%	421	631
HUFFMAN	50,786	46,317	91.20%	422	674
KIRBY	53,767	46,186	85.90%	423	633
BERG	48,746	46,158	94.69%	424	712
MOODY	64,429	45,919	71.27%	425	519
RUSSO	48,696	45,701	93.85%	426	715
COBB	65,125	45,574	69.98%	427	514
CAREY	56,322	45,564	80.90%	428	601
YORK	53,059	45,530	85.81%	429	642
MORROW	56,840	45,387	79.85%	430	594
CALLAHAN	50,524	45,371	89.80%	431	682
DALTON	52,184	45,317	86.84%	432	654
POPE	63,881	45,247	70.83%	433	528
UNDERWOOD	57,064	45,195	79.20%	434	588
HUFF	55,484	45,147	81.37%	435	612
KANE	50,584	45,060	89.08%	436	680
BOYER	50,742	45,049	88.78%	437	676
SUMMERS	56,953	44,953	78.93%	438	591
PATRICK	60,845	44,861	73.73%	439	552
KIRK	54,394	44,804	82.37%	440	623
CONLEY	55,917	44,611	79.78%	441	607
WALTON	73,854	44,586	60.37%	442	446
HORN	52,138	44,396	85.15%	443	655
BRIGGS	58,408	44,343	75.92%	444	572
CURRY	74,919	44,337	59.18%	445	436
PHELPS	52,044	44,289	85.10%	446	657
HANCOCK	50,558	44,152	87.33%	447	681
LOGAN	67,909	44,005	64.80%	448	492
MORTON	59,213	43,818	74.00%	449	568
MACDONALD	46,717	43,783	93.72%	450	744
FLOYD	66,454	43,468	65.41%	451	505
LINDSEY	63,760	43,217	67.78%	452	529
NICHOLSON	58,151	43,177	74.25%	453	575
CHASE	52,481	42,950	81.84%	454	649
SKINNER	54,046	42,880	79.34%	455	627
GIBBS	65,064	42,845	65.85%	456	515
KLINE	45,390	42,748	94.18%	457	761
INGRAM	69,345	42,613	61.45%	458	484
DILLON	50,465	42,572	84.36%	459	683
ALLISON	52,701	42,540	80.72%	460	646
WALTER	48,024	42,535	88.57%	461	727
LOPEZ	874,523	42,502	4.86%	462	12
BURNETT	60,791	42,499	69.91%	463	554
JACOBSON	44,808	42,415	94.66%	464	767
ATKINSON	53,376	42,333	79.31%	465	637
RICH	49,481	42,158	85.20%	466	696
GARRISON	50,686	42,115	83.09%	467	677
VINCENT	53,095	41,908	78.93%	468	641
GREER	57,043	41,813	73.30%	469	590
CAMERON	55,240	41,717	75.52%	470	614
CLARKE	68,281	41,665	61.02%	471	487
HEATH	51,877	41,657	80.30%	472	660
BANKS	105,833	41,561	39.27%	473	292
HINES	71,717	41,395	57.72%	474	462
ODONNELL	43,460	41,330	95.10%	475	795
BRUCE	53,419	41,320	77.35%	476	636
BOOTH	49,402	41,191	83.38%	477	697
CARSON	56,872	41,090	72.25%	478	593
BLANKENSHIP	43,830	41,073	93.71%	479	787
STEIN	43,389	40,959	94.40%	480	796
TYLER	66,056	40,928	61.96%	481	509
RANDALL	54,764	40,881	74.65%	482	621
HOOD	55,174	40,867	74.07%	483	616
POOLE	56,226	40,798	72.56%	484	604
NASH	58,714	40,712	69.34%	485	569
MASSEY	55,595	40,684	73.18%	486	610
BERGER	43,851	40,488	92.33%	487	785
MCCLURE	47,742	40,399	84.62%	488	731
SNOW	47,528	40,399	85.00%	489	734
TANNER	48,813	40,393	82.75%	490	709
NIELSEN	42,773	40,271	94.15%	491	810
EATON	47,184	40,158	85.11%	492	740
DAVENPORT	55,895	40,110	71.76%	493	608
WHITAKER	56,616	40,033	70.71%	494	596
NOLAN	46,054	39,998	86.85%	495	754
ROY	53,159	39,976	75.20%	496	640
MELTON	50,069	39,935	79.76%	497	688
BARRY	47,274	39,932	84.47%	498	738
PARRISH	49,733	39,891	80.21%	499	694
STOUT	43,305	39,862	92.05%	500	798
SAWYER	49,028	39,629	80.83%	501	707
KNAPP	41,771	39,561	94.71%	502	825
HERNANDEZ	1,043,281	39,540	3.79%	503	11
WYATT	52,211	39,529	75.71%	504	653
BARTLETT	43,648	39,528	90.56%	505	791
TATE	71,058	39,501	55.59%	506	467
BASS	57,044	39,463	69.18%	507	589
GATES	52,569	39,448	75.04%	508	648
SEXTON	43,133	39,437	91.43%	509	804
BAXTER	49,033	39,408	80.37%	510	706
HENSON	48,013	39,399	82.06%	511	728
MARKS	49,177	39,307	79.93%	512	703
DYER	47,170	39,255	83.22%	513	742
CLAYTON	56,638	39,160	69.14%	514	595
HURST	46,244	39,076	84.50%	515	749
SCHAEFER	41,063	39,030	95.05%	516	841
REILLY	40,884	38,950	95.27%	517	845
KERR	44,711	38,836	86.86%	518	771
VANCE	47,324	38,626	81.62%	519	737
STARK	41,735	38,597	92.48%	520	827
MCKEE	44,137	38,585	87.42%	521	780
SHIELDS	50,832	38,546	75.83%	522	672
MCKENZIE	59,595	38,522	64.64%	523	563
MATHEWS	51,592	38,503	74.63%	524	663
KEITH	48,487	38,460	79.32%	525	718
BOND	50,610	38,418	75.91%	526	679
HOBBS	48,522	38,366	79.07%	527	717
HOWE	42,265	38,301	90.62%	528	820
STEPHENSON	47,641	38,141	80.06%	529	733
RICHARD	53,893	37,914	70.35%	530	629
BROWNING	43,329	37,900	87.47%	531	797
MORSE	41,774	37,822	90.54%	532	824
HERMAN	41,750	37,780	90.49%	533	826
COLLIER	56,380	37,758	66.97%	534	599
JOHNS	47,246	37,693	79.78%	535	739
GRIMES	50,245	37,639	74.91%	536	686
BUCK	42,639	37,565	88.10%	537	812
DONOVAN	40,410	37,557	92.94%	538	853
CONRAD	40,707	37,459	92.02%	539	848
SAVAGE	49,914	37,356	74.84%	540	690
BOYLE	39,921	37,334	93.52%	541	866
HEBERT	41,275	37,325	90.43%	542	836
HAMPTON	69,472	37,306	53.70%	543	482
KENT	44,325	37,180	83.88%	544	778
WILKINS	58,634	36,992	63.09%	545	570
BEIL	59,463	36,927	62.10%	546	565
GOLDEN	49,360	36,872	74.70%	547	699
FRIEDMAN	38,374	36,858	96.05%	548	901
MAYER	39,555	36,830	93.11%	549	880
MAHONEY	40,397	36,802	91.10%	550	855
HULL	43,018	36,798	85.54%	551	807
COPELAND	55,850	36,777	65.85%	552	609
HUTCHINSON	48,781	36,771	75.38%	553	710
MCMAHON	39,411	36,739	93.22%	554	883
STAFFORD	46,394	36,716	79.14%	555	747
LEBLANC	42,575	36,687	86.17%	556	815
BARR	44,130	36,491	82.69%	557	781
BRIDGES	53,682	36,348	67.71%	558	635
HODGE	52,920	36,340	68.67%	559	643
FROST	42,015	36,326	86.46%	560	822
PECK	40,055	36,322	90.68%	561	864
CASE	39,319	36,303	92.33%	562	885
HAHN	40,250	36,289	90.16%	563	859
CONWAY	44,320	36,236	81.76%	564	779
MEADOWS	44,500	36,152	81.24%	565	773
ROACH	45,019	36,132	80.26%	566	764
BEARD	48,207	36,112	74.91%	567	721
HURLEY	39,796	36,099	90.71%	568	870
CHRISTIAN	54,198	35,993	66.41%	569	626
STOKES	61,639	35,917	58.27%	570	542
PENNINGTON	40,854	35,894	87.86%	571	846
LEACH	44,581	35,790	80.28%	572	772
DOUGHERTY	37,884	35,751	94.37%	573	915
WINTERS	44,914	35,531	79.11%	574	766
HUBER	37,170	35,375	95.17%	575	933
GENTRY	43,027	35,321	82.09%	576	806
MCCONNELL	39,754	35,286	88.76%	577	872
KRUEGER	36,743	35,262	95.97%	578	946
ORR	44,388	35,253	79.42%	579	774
DUFFY	38,835	35,227	90.71%	580	892
GLOVER	66,858	35,154	52.58%	581	501
WEEKS	41,565	35,073	84.38%	582	831
BENDER	39,551	34,999	88.49%	583	881
BRADFORD	54,015	34,986	64.77%	584	628
HUMPHREY	49,056	34,982	71.31%	585	705
PITTMAN	55,021	34,966	63.55%	586	619
ATKINS	51,671	34,940	67.62%	587	662
HANNA	39,890	34,740	87.09%	588	867
SHANNON	46,147	34,684	75.16%	589	752
MONROE	55,136	34,670	62.88%	590	617
GILLESPIE	42,693	34,667	81.20%	591	811
PRESTON	47,367	34,663	73.18%	592	736
FRY	38,029	34,641	91.09%	593	909
RASMUSSEN	36,636	34,639	94.55%	594	947
FITZPATRICK	40,449	34,620	85.59%	595	852
MOYER	37,050	34,594	93.37%	596	935
OCONNELL	36,194	34,536	95.42%	597	961
SCHMITT	36,043	34,486	95.68%	598	967
BRANDT	36,613	34,464	94.13%	599	948
MCINTYRE	43,842	34,420	78.51%	600	786
BUCKLEY	41,348	34,393	83.18%	601	834
SLOAN	43,261	34,358	79.42%	602	800
MCDOWELL	49,217	34,304	69.70%	603	702
MERRITT	45,594	34,232	75.08%	604	756
BLEVINS	38,229	34,203	89.47%	605	906
BLACKBURN	39,097	34,175	87.41%	606	889
CRANE	37,870	34,125	90.11%	607	916
MICHAEL	40,736	34,051	83.59%	608	847
ANDERSEN	36,150	33,981	94.00%	609	963
LESTER	44,784	33,937	75.78%	610	768
GONZALEZ	841,025	33,893	4.03%	611	13
NOVAK	35,461	33,855	95.47%	612	980
HOLLOWAY	58,040	33,820	58.27%	613	576
PEREZ	681,645	33,810	4.96%	614	22
GOULD	38,924	33,782	86.79%	615	891
MCCULLOUGH	45,852	33,596	73.27%	616	755
HARRELL	50,837	33,593	66.08%	617	671
MATHIS	54,217	33,582	61.94%	618	625
BOONE	53,792	33,561	62.39%	619	632
HAAS	34,918	33,228	95.16%	620	1,001
FREDERICK	41,394	33,169	80.13%	621	833
BRADSHAW	42,465	33,152	78.07%	622	818
BENTLEY	40,193	33,151	82.48%	623	862
ENGLISH	46,393	33,111	71.37%	624	748
KEMP	46,146	33,096	71.72%	625	753
KRAUSE	34,722	33,028	95.12%	626	1,009
WOODWARD	36,764	32,992	89.74%	627	944
HARDIN	42,469	32,986	77.67%	628	817
ANTHONY	55,114	32,969	59.82%	629	618
KAUFMAN	34,844	32,952	94.57%	630	1,007
MCGRATH	34,871	32,925	94.42%	631	1,006
AYERS	39,623	32,871	82.96%	632	875
MULLEN	37,502	32,867	87.64%	633	928
WERNER	34,488	32,846	95.24%	634	1,013
HENDRICKS	43,197	32,700	75.70%	635	802
LANDRY	39,391	32,683	82.97%	636	884
DICKERSON	51,889	32,675	62.97%	637	659
SELLERS	42,577	32,576	76.51%	638	814
MCFARLAND	41,300	32,565	78.85%	639	835
MCCARTY	36,944	32,551	88.11%	640	939
BRAUN	34,491	32,511	94.26%	641	1,012
PRUITT	44,365	32,471	73.19%	642	777
NOBLE	41,667	32,371	77.69%	643	829
CLEMENTS	38,044	32,284	84.86%	644	908
FARLEY	38,528	32,263	83.74%	645	898
COFFEY	36,423	32,191	88.38%	646	955
GLASS	41,802	32,183	76.99%	647	823
CHURCH	36,072	32,169	89.18%	648	966
WILEY	48,720	32,014	65.71%	649	713
BLANCHARD	37,695	31,992	84.87%	650	920
BEASLEY	47,693	31,964	67.02%	651	732
MAYNARD	36,460	31,895	87.48%	652	953
HARDING	39,787	31,885	80.14%	653	871
GILMORE	48,719	31,867	65.41%	654	714
DURHAM	43,635	31,867	73.03%	655	792
VAUGHAN	38,830	31,856	82.04%	656	893
LYNN	37,644	31,851	84.61%	657	924
RAYMOND	40,275	31,845	79.07%	658	857
HATFIELD	34,381	31,837	92.60%	659	1,017
COSTA	38,265	31,821	83.16%	660	904
MACK	71,056	31,805	44.76%	661	468
IRWIN	34,297	31,766	92.62%	662	1,019
MCCANN	35,408	31,750	89.67%	663	983
BAIRD	34,721	31,749	91.44%	664	1,010
CANTRELL	35,266	31,623	89.67%	665	988
GOOD	35,446	31,511	88.90%	666	981
ESTES	36,318	31,506	86.75%	667	956
DAUGHERTY	34,987	31,492	90.01%	668	997
PITTS	49,740	31,451	63.23%	669	693
GLENN	51,043	31,346	61.41%	670	669
WILKERSON	48,444	31,334	64.68%	671	719
PRINCE	47,168	31,329	66.42%	672	743
HAYS	34,191	31,309	91.57%	673	1,021
FREY	32,904	31,305	95.14%	674	1,065
WHITEHEAD	44,373	31,279	70.49%	675	776
SHEA	33,329	31,276	93.84%	676	1,048
COMPTON	35,830	31,265	87.26%	677	971
PACE	39,879	31,209	78.26%	678	868
KAISER	33,480	31,187	93.15%	679	1,039
BLACKWELL	47,175	30,989	65.69%	680	741
ONEAL	47,979	30,970	64.55%	681	729
MCKAY	38,681	30,956	80.03%	682	895
HICKMAN	41,163	30,942	75.17%	683	838
FRITZ	33,224	30,938	93.12%	684	1,055
RITTER	33,252	30,798	92.62%	685	1,053
HOUSE	41,000	30,791	75.10%	686	844
HALEY	37,858	30,767	81.27%	687	917
PERSON	67,411	30,726	45.58%	688	496
FRYE	36,973	30,702	83.04%	689	937
STUART	36,540	30,697	84.01%	690	951
LEHMAN	32,180	30,577	95.02%	691	1,086
DODSON	37,566	30,575	81.39%	692	927
FLOWERS	57,549	30,570	53.12%	693	578
SANCHEZ	612,752	30,515	4.98%	694	26
LEVINE	33,637	30,515	90.72%	695	1,032
POTTS	38,277	30,453	79.56%	696	902
ROWLAND	35,121	30,415	86.60%	697	993
MOONEY	33,555	30,404	90.61%	698	1,033
LUTZ	32,050	30,380	94.79%	699	1,092
BEAN	37,571	30,369	80.83%	700	926
STRONG	45,432	30,367	66.84%	701	760
LIVINGSTON	42,103	30,348	72.08%	702	821
KATZ	31,780	30,290	95.31%	703	1,101
SHEPARD	39,430	30,259	76.74%	704	882
RIGGS	34,506	30,251	87.67%	705	1,011
KUHN	31,776	30,241	95.17%	706	1,102
HAYDEN	37,451	30,182	80.59%	707	930
WHITNEY	35,118	30,005	85.44%	708	994
JARVIS	35,350	30,002	84.87%	709	985
JOYCE	34,132	29,978	87.83%	710	1,022
DAVIES	33,753	29,963	88.77%	711	1,030
DUKE	35,053	29,953	85.45%	712	995
MADDEN	35,438	29,938	84.48%	713	982
MOON	45,528	29,907	65.69%	714	758
JOSEPH	100,959	29,874	29.59%	715	313
STANTON	35,997	29,838	82.89%	716	968
DONNELLY	31,505	29,712	94.31%	717	1,114
SNIDER	32,148	29,666	92.28%	718	1,088
HOUSTON	56,900	29,628	52.07%	719	592
RIDDLE	33,507	29,583	88.29%	720	1,036
MCINTOSH	42,379	29,564	69.76%	721	819
OSBORN	32,439	29,532	91.04%	722	1,078
HANEY	33,898	29,508	87.05%	723	1,027
LEVY	37,228	29,470	79.16%	724	932
RUSH	39,802	29,469	74.04%	725	869
MERRILL	32,620	29,462	90.32%	726	1,073
MCCLAIN	48,165	29,434	61.11%	727	722
LOWERY	43,278	29,407	67.95%	728	799
BIRD	33,457	29,372	87.79%	729	1,041
DUNLAP	39,063	29,297	75.00%	730	890
DONAHUE	31,563	29,148	92.35%	731	1,112
WINTER	31,310	29,125	93.02%	732	1,119
COSTELLO	32,043	29,111	90.85%	733	1,093
MCLEAN	43,260	28,963	66.95%	734	801
FAULKNER	36,466	28,947	79.38%	735	952
CARVER	32,415	28,943	89.29%	736	1,079
VOGEL	30,470	28,943	94.99%	737	1,153
SHOEMAKER	30,934	28,942	93.56%	738	1,133
MCCALL	43,483	28,925	66.52%	739	794
WITT	31,575	28,894	91.51%	740	1,110
ROBERSON	56,180	28,843	51.34%	741	605
MOSER	30,483	28,806	94.50%	742	1,152
LANGE	30,984	28,722	92.70%	743	1,132
WORKMAN	31,856	28,699	90.09%	744	1,097
ODELL	31,349	28,666	91.44%	745	1,117
DALY	31,330	28,639	91.41%	746	1,118
BURCH	36,269	28,569	78.77%	747	958
BRAY	34,906	28,539	81.76%	748	1,003
GORMAN	31,788	28,536	89.77%	749	1,100
GOLDSTEIN	29,938	28,444	95.01%	750	1,173
DOWNS	33,922	28,413	83.76%	751	1,025
CROSBY	40,563	28,406	70.03%	752	851
MIDDLETON	42,578	28,404	66.71%	753	813
KNOX	44,742	28,366	63.40%	754	769
RICHTER	29,880	28,320	94.78%	755	1,178
MERCER	34,431	28,295	82.18%	756	1,016
GOLDBERG	29,603	28,215	95.31%	757	1,193
ELLISON	42,827	28,197	65.84%	758	809
CONNOLLY	29,710	28,195	94.90%	759	1,190
WALLS	41,025	28,176	68.68%	760	842
GOFF	32,298	28,164	87.20%	761	1,081
HERRING	38,733	28,163	72.71%	762	894
MCDERMOTT	30,528	28,144	92.19%	763	1,151
AVERY	39,564	28,142	71.13%	764	878
GUTHRIE	31,956	28,137	88.05%	765	1,095
CARNEY	32,897	28,107	85.44%	766	1,066
KAPLAN	29,582	28,038	94.78%	767	1,196
CROWLEY	31,098	28,022	90.11%	768	1,128
MALONEY	30,671	27,984	91.24%	769	1,149
BYRNE	29,503	27,966	94.79%	770	1,198
SPEARS	41,665	27,895	66.95%	771	830
SANFORD	36,312	27,822	76.62%	772	957
CRAMER	29,691	27,817	93.69%	773	1,192
MCCABE	30,401	27,814	91.49%	774	1,154
JUSTICE	32,480	27,787	85.55%	775	1,077
ARCHER	34,949	27,784	79.50%	776	1,000
HENDRICKSON	30,259	27,775	91.79%	777	1,162
DELANEY	33,218	27,767	83.59%	778	1,057
HARTLEY	31,221	27,755	88.90%	779	1,124
WOODARD	46,240	27,698	59.90%	780	750
ASHLEY	38,499	27,658	71.84%	781	900
BEACH	30,867	27,644	89.56%	782	1,137
KESSLER	29,064	27,593	94.94%	783	1,216
CHILDERS	30,570	27,589	90.25%	784	1,150
BULLOCK	44,740	27,555	61.59%	785	770
SANTOS	137,232	27,529	20.06%	786	206
PEARCE	31,060	27,510	88.57%	787	1,129
WIGGINS	50,247	27,470	54.67%	788	685
HENDRIX	35,194	27,448	77.99%	789	991
WELSH	30,153	27,442	91.01%	790	1,166
FLANAGAN	30,887	27,440	88.84%	791	1,134
FINK	28,701	27,424	95.55%	792	1,232
MCMILLAN	40,237	27,345	67.96%	793	860
EVERETT	39,593	27,280	68.90%	794	876
LANCASTER	32,362	27,275	84.28%	795	1,080
FINLEY	37,672	27,237	72.30%	796	922
BEST	37,923	27,236	71.82%	797	911
HOOPER	34,247	27,213	79.46%	798	1,020
TRACY	29,867	27,194	91.05%	799	1,180
HICKEY	29,350	27,064	92.21%	800	1,206
BARLOW	33,335	27,058	81.17%	801	1,047
KINNEY	31,558	26,938	85.36%	802	1,113
SOLOMON	46,534	26,911	57.83%	803	745
SEARS	32,206	26,847	83.36%	804	1,085
HOLDEN	34,824	26,755	76.83%	805	1,008
KENDALL	31,209	26,755	85.73%	806	1,126
DICKSON	35,312	26,752	75.76%	807	986
HORNE	37,689	26,733	70.93%	808	921
VALENTINE	40,395	26,685	66.06%	809	856
CALHOUN	43,180	26,638	61.69%	810	803
MARINO	31,687	26,623	84.02%	811	1,105
ENGLAND	29,926	26,607	88.91%	812	1,174
KERN	28,547	26,600	93.18%	813	1,237
PUGH	39,559	26,599	67.24%	814	879
RICHMOND	37,053	26,574	71.72%	815	934
RITCHIE	29,040	26,557	91.45%	816	1,217
MCPHERSON	36,125	26,498	73.35%	817	965
SORENSEN	28,069	26,492	94.38%	818	1,251
HAINES	29,462	26,489	89.91%	819	1,201
GILES	40,598	26,364	64.94%	820	849
SPRINGER	31,643	26,355	83.29%	821	1,107
DOHERTY	27,787	26,350	94.83%	822	1,264
DONALDSON	36,558	26,344	72.06%	823	950
CROWE	29,953	26,218	87.53%	824	1,172
DAVID	44,040	26,182	59.45%	825	782
BENTON	37,912	26,159	69.00%	826	912
LAKE	32,104	26,142	81.43%	827	1,091
SPENCE	36,129	26,096	72.23%	828	964
HESTER	35,642	26,054	73.10%	829	976
EMERSON	30,702	26,045	84.83%	830	1,145
NEWELL	32,909	26,024	79.08%	831	1,064
BYERS	32,174	25,964	80.70%	832	1,087
DOLAN	27,329	25,949	94.95%	833	1,283
TUTTLE	27,751	25,917	93.39%	834	1,267
COWAN	32,586	25,903	79.49%	835	1,074
COOKE	33,223	25,901	77.96%	836	1,056
COOLEY	33,231	25,857	77.81%	837	1,054
SLATER	32,584	25,807	79.20%	838	1,075
CLAY	48,844	25,760	52.74%	839	708
MCKENNA	27,293	25,683	94.10%	840	1,284
DODD	30,732	25,667	83.52%	841	1,144
TRAVIS	34,985	25,651	73.32%	842	998
WALLER	36,805	25,631	69.64%	843	942
SHEEHAN	26,902	25,616	95.22%	844	1,305
PETTY	34,882	25,614	73.43%	845	1,005
SWEET	30,051	25,588	85.15%	846	1,169
HOLCOMB	28,852	25,554	88.57%	847	1,227
ONEIL	28,949	25,484	88.03%	848	1,220
CRAFT	31,452	25,473	80.99%	849	1,116
LYON	27,690	25,428	91.83%	850	1,271
EWING	33,314	25,412	76.28%	851	1,049
STARR	30,363	25,320	83.39%	852	1,158
CAMP	29,753	25,305	85.05%	853	1,189
DAILEY	32,719	25,285	77.28%	854	1,072
MADDOX	36,250	25,284	69.75%	855	959
GUSTAFSON	26,421	25,253	95.58%	856	1,333
MCNAMARA	26,534	25,252	95.17%	857	1,329
SMALL	40,212	25,197	62.66%	858	861
CHAMBERLAIN	28,727	25,133	87.49%	859	1,231
SINGLETON	54,621	25,077	45.91%	860	622
DWYER	27,240	25,069	92.03%	861	1,291
HYDE	29,094	25,067	86.16%	862	1,213
MCGOWAN	33,340	25,055	75.15%	863	1,046
ROSENBERG	26,307	25,039	95.18%	864	1,339
PROCTOR	35,636	24,988	70.12%	865	977
ALBERT	32,507	24,978	76.84%	866	1,076
FERRELL	33,418	24,967	74.71%	867	1,043
GIBBONS	29,824	24,966	83.71%	868	1,183
HASTINGS	28,015	24,931	88.99%	869	1,253
KIDD	33,186	24,919	75.09%	870	1,060
PARK	106,696	24,903	23.34%	871	289
SHEPPARD	36,960	24,900	67.37%	872	938
BOGGS	27,880	24,894	89.29%	873	1,262
FRANKS	30,155	24,745	82.06%	874	1,165
SUTHERLAND	29,585	24,692	83.46%	875	1,195
PIKE	26,655	24,661	92.52%	876	1,318
CASSIDY	26,590	24,633	92.64%	877	1,325
PUCKETT	27,627	24,610	89.08%	878	1,273
ROMANO	29,018	24,596	84.76%	879	1,219
HEWITT	29,694	24,578	82.77%	880	1,191
CRABTREE	26,104	24,514	93.91%	881	1,354
HOLDER	33,465	24,470	73.12%	882	1,040
BOWLING	26,762	24,458	91.39%	883	1,311
FARRIS	29,877	24,368	81.56%	884	1,179
GALLOWAY	34,909	24,262	69.50%	885	1,002
SWARTZ	25,444	24,238	95.26%	886	1,393
FINCH	30,769	24,234	78.76%	887	1,141
OTT	25,738	24,209	94.06%	888	1,373
SCHUMACHER	25,292	24,207	95.71%	889	1,404
BERNARD	38,512	24,201	62.84%	890	899
KENNEY	27,759	24,198	87.17%	891	1,266
MEIER	25,486	24,196	94.94%	892	1,391
ODOM	35,020	24,174	69.03%	893	996
BARRON	52,070	24,145	46.37%	894	656
SHAFER	25,641	24,144	94.16%	895	1,379
BOLTON	32,815	24,126	73.52%	896	1,068
LINDSAY	33,255	24,107	72.49%	897	1,052
WARE	49,316	24,012	48.69%	898	700
SARGENT	27,786	24,010	86.41%	899	1,265
ROLLINS	35,132	23,992	68.29%	900	992
CONNOR	29,346	23,929	81.54%	901	1,207
ROSSI	26,183	23,902	91.29%	902	1,348
HELLER	25,373	23,884	94.13%	903	1,399
HOPPER	27,353	23,874	87.28%	904	1,281
DEMPSEY	26,863	23,870	88.86%	905	1,308
DICKINSON	26,607	23,864	89.69%	906	1,324
MULLER	27,216	23,814	87.50%	907	1,293
FORBES	33,813	23,811	70.42%	908	1,028
DENTON	27,742	23,786	85.74%	909	1,268
ACKERMAN	25,401	23,742	93.47%	910	1,398
CURRAN	24,969	23,733	95.05%	911	1,423
RATLIFF	30,083	23,675	78.70%	912	1,168
NIXON	38,147	23,666	62.04%	913	907
SAMPSON	39,277	23,649	60.21%	914	886
DUDLEY	35,781	23,601	65.96%	915	972
PIERSON	27,983	23,590	84.30%	916	1,254
ELDER	29,796	23,584	79.15%	917	1,186
CHANEY	33,201	23,576	71.01%	918	1,059
PATE	29,327	23,544	80.28%	919	1,208
DYE	28,182	23,526	83.48%	920	1,246
DOWNEY	26,627	23,525	88.35%	921	1,320
STERN	25,074	23,492	93.69%	922	1,418
KIRKPATRICK	26,251	23,479	89.44%	923	1,344
GLEASON	25,416	23,479	92.38%	924	1,395
BRIGHT	33,281	23,453	70.47%	925	1,050
MCGINNIS	26,953	23,433	86.94%	926	1,303
TORRES	437,813	23,423	5.35%	927	37
ZIEGLER	25,351	23,414	92.36%	928	1,400
HATCH	26,903	23,403	86.99%	929	1,304
SCHAFER	24,543	23,389	95.30%	930	1,452
SHAPIRO	24,335	23,374	96.05%	931	1,469
SINGER	25,828	23,343	90.38%	932	1,366
DALE	29,757	23,261	78.17%	933	1,188
SCHULZ	24,385	23,236	95.29%	934	1,461
COUCH	26,615	23,235	87.30%	935	1,323
FUNK	24,419	23,208	95.04%	936	1,459
BRITT	31,474	23,203	73.72%	937	1,115
DOWNING	28,880	23,188	80.29%	938	1,225
CASH	29,476	23,156	78.56%	939	1,200
COFFMAN	24,980	23,144	92.65%	940	1,421
MCALLISTER	29,544	23,130	78.29%	941	1,197
WORLEY	25,758	23,084	89.62%	942	1,370
DEWITT	26,348	23,076	87.58%	943	1,338
HAMM	26,726	23,062	86.29%	944	1,314
RUTHERFORD	28,079	23,061	82.13%	945	1,250
KNOWLES	28,460	23,055	81.01%	946	1,239
COURTNEY	27,205	23,026	84.64%	947	1,294
HELTON	25,118	23,003	91.58%	948	1,414
ROE	25,286	22,988	90.91%	949	1,406
SCHMITZ	23,931	22,981	96.03%	950	1,496
RANDOLPH	41,129	22,979	55.87%	951	840
KURTZ	24,216	22,974	94.87%	952	1,476
KEY	33,501	22,968	68.56%	953	1,037
FULTON	32,258	22,955	71.16%	954	1,083
FISH	24,924	22,898	91.87%	955	1,425
BRUNO	30,883	22,881	74.09%	956	1,135
HOLMAN	32,788	22,801	69.54%	957	1,069
EMERY	25,839	22,795	88.22%	958	1,365
AKERS	25,290	22,738	89.91%	959	1,405
DOTSON	33,347	22,733	68.17%	960	1,045
LUND	24,347	22,713	93.29%	961	1,465
BELCHER	28,321	22,682	80.09%	962	1,243
GAY	32,025	22,648	70.72%	963	1,094
HILTON	28,918	22,637	78.28%	964	1,223
WHALEN	24,262	22,634	93.29%	965	1,470
RANKIN	28,821	22,616	78.47%	966	1,229
ALBRIGHT	25,189	22,584	89.66%	967	1,410
ELKINS	24,902	22,559	90.59%	968	1,426
PADGETT	25,413	22,536	88.68%	969	1,397
ROBISON	25,450	22,498	88.40%	970	1,392
SHIRLEY	27,224	22,495	82.63%	971	1,292
HUTCHISON	24,820	22,470	90.53%	972	1,436
LANGLEY	27,252	22,464	82.43%	973	1,289
STEINER	23,735	22,463	94.64%	974	1,511
LOCKE	27,643	22,452	81.22%	975	1,272
POLLARD	35,749	22,440	62.77%	976	974
GODFREY	28,734	22,427	78.05%	977	1,230
BLOOM	24,081	22,391	92.98%	978	1,483
BACON	29,860	22,377	74.94%	979	1,181
MAYO	35,228	22,282	63.25%	980	989
THOMSON	24,750	22,263	89.95%	981	1,440
FELDMAN	23,356	22,221	95.14%	982	1,540
FIELD	24,543	22,199	90.45%	983	1,452
CONKLIN	23,846	22,186	93.04%	984	1,501
HAGEN	23,616	22,178	93.91%	985	1,518
MAYS	40,408	22,123	54.75%	986	854
POST	23,458	21,997	93.77%	987	1,530
DRISCOLL	23,385	21,989	94.03%	988	1,538
SWENSON	23,009	21,971	95.49%	989	1,563
SIMONS	25,755	21,946	85.21%	990	1,371
TIPTON	25,064	21,931	87.50%	991	1,420
GOLDMAN	23,940	21,924	91.58%	992	1,495
HORNER	23,881	21,892	91.67%	993	1,500
HELMS	23,949	21,865	91.30%	994	1,493
WEBBER	26,405	21,858	82.78%	995	1,335
HOLBROOK	23,843	21,821	91.52%	996	1,502
MAHER	23,222	21,808	93.91%	997	1,549
EGAN	23,048	21,776	94.48%	998	1,561
MEEKS	29,457	21,751	73.84%	999	1,202
RAMIREZ	557,423	21,684	3.89%	1,000	28
CROUCH	23,923	21,602	90.30%	1,001	1,497
KIMBALL	23,293	21,597	92.72%	1,002	1,544
MOSES	39,216	21,588	55.05%	1,003	887
NEFF	22,764	21,576	94.78%	1,004	1,577
WOODRUFF	26,286	21,560	82.02%	1,005	1,341
MCLEOD	30,769	21,535	69.99%	1,006	1,141
ARTHUR	28,102	21,535	76.63%	1,007	1,247
CONNELLY	23,398	21,524	91.99%	1,008	1,537
CROW	24,089	21,504	89.27%	1,009	1,482
BRITTON	29,040	21,481	73.97%	1,010	1,217
WILLS	28,219	21,475	76.10%	1,011	1,244
KAUFFMAN	22,353	21,441	95.92%	1,012	1,606
STOVER	24,526	21,426	87.36%	1,013	1,455
CHRISTOPHER	29,067	21,425	73.71%	1,014	1,214
MCMANUS	23,909	21,413	89.56%	1,015	1,498
HEAD	27,292	21,400	78.41%	1,016	1,285
INMAN	24,222	21,400	88.35%	1,017	1,474
MASTERS	23,533	21,359	90.76%	1,018	1,524
MACKEY	30,749	21,358	69.46%	1,019	1,143
ROSEN	22,596	21,349	94.48%	1,020	1,585
KOENIG	22,499	21,345	94.87%	1,021	1,592
ESPOSITO	22,789	21,326	93.58%	1,022	1,576
BINGHAM	25,941	21,272	82.00%	1,023	1,360
LUDWIG	22,380	21,270	95.04%	1,024	1,600
YEAGER	22,634	21,265	93.95%	1,025	1,582
GREGG	25,554	21,177	82.87%	1,026	1,386
SPRAGUE	22,610	21,167	93.62%	1,027	1,584
CHERRY	35,877	21,157	58.97%	1,028	970
STAHL	22,211	21,149	95.22%	1,029	1,619
TOMLINSON	25,274	21,139	83.64%	1,030	1,407
FLORES	433,969	21,134	4.87%	1,031	40
RIVERA	391,114	21,120	5.40%	1,032	46
CORBETT	26,246	21,115	80.45%	1,033	1,346
GONZALES	214,758	21,111	9.83%	1,034	111
MCCLELLAN	26,060	21,109	81.00%	1,035	1,356
WILDER	31,018	21,108	68.05%	1,036	1,131
LAW	32,122	21,075	65.61%	1,037	1,089
GOSS	26,179	21,064	80.46%	1,038	1,349
LOWRY	24,895	21,059	84.59%	1,039	1,428
SEYMOUR	25,436	21,008	82.59%	1,040	1,394
BURT	26,475	21,005	79.34%	1,041	1,331
GRIMM	22,103	20,969	94.87%	1,042	1,630
OLEARY	22,329	20,920	93.69%	1,043	1,607
OTTO	22,558	20,918	92.73%	1,044	1,587
SANDERSON	24,384	20,895	85.69%	1,045	1,462
ENGEL	21,933	20,880	95.20%	1,046	1,644
PRITCHARD	23,549	20,876	88.65%	1,047	1,523
KAY	24,337	20,842	85.64%	1,048	1,467
KIRKLAND	30,283	20,832	68.79%	1,049	1,161
SELF	23,595	20,832	88.29%	1,050	1,520
MCDONOUGH	21,739	20,828	95.81%	1,051	1,655
GROVES	24,629	20,819	84.53%	1,052	1,447
DEVINE	23,775	20,786	87.43%	1,053	1,506
KRAFT	22,035	20,779	94.30%	1,054	1,635
METCALF	23,946	20,771	86.74%	1,055	1,494
MEAD	22,727	20,763	91.36%	1,056	1,578
STRATTON	22,983	20,756	90.31%	1,057	1,565
MORIN	29,593	20,742	70.09%	1,058	1,194
PICKETT	31,611	20,740	65.61%	1,059	1,108
BABCOCK	22,016	20,732	94.17%	1,060	1,638
CONNELL	22,552	20,698	91.78%	1,061	1,589
HINKLE	22,983	20,696	90.05%	1,062	1,565
ELDRIDGE	25,299	20,692	81.79%	1,063	1,402
MCCAULEY	24,743	20,690	83.62%	1,064	1,442
MEREDITH	24,679	20,686	83.82%	1,065	1,445
PAINTER	21,969	20,677	94.12%	1,066	1,641
CLEVELAND	31,123	20,669	66.41%	1,067	1,127
LORD	23,405	20,641	88.19%	1,068	1,535
SIEGEL	21,536	20,638	95.83%	1,069	1,674
WINKLER	21,993	20,625	93.78%	1,070	1,640
CHARLES	61,211	20,622	33.69%	1,071	548
DOOLEY	23,481	20,621	87.82%	1,072	1,527
WOLFF	21,815	20,609	94.47%	1,073	1,650
WOOTEN	31,249	20,593	65.90%	1,074	1,123
GARLAND	26,779	20,580	76.85%	1,075	1,309
JEWELL	23,187	20,576	88.74%	1,076	1,550
HEALY	21,751	20,516	94.32%	1,077	1,654
SHARPE	28,879	20,493	70.96%	1,078	1,226
HUTCHINS	26,251	20,481	78.02%	1,079	1,344
NICHOLAS	27,922	20,464	73.29%	1,080	1,258
BEATTY	25,510	20,456	80.19%	1,081	1,389
RUBIN	23,165	20,436	88.22%	1,082	1,553
REGAN	21,951	20,399	92.93%	1,083	1,642
DAHL	21,598	20,399	94.45%	1,084	1,669
FRASER	25,961	20,372	78.47%	1,085	1,358
DODGE	22,035	20,367	92.43%	1,086	1,635
QUICK	25,091	20,301	80.91%	1,087	1,416
BLANTON	24,154	20,297	84.03%	1,088	1,478
POLLOCK	23,310	20,280	87.00%	1,089	1,543
RUTLEDGE	26,887	20,251	75.32%	1,090	1,306
TOMPKINS	24,056	20,243	84.15%	1,091	1,485
MCKNIGHT	34,055	20,242	59.44%	1,092	1,023
SHERIDAN	22,177	20,212	91.14%	1,093	1,623
CORBIN	26,876	20,205	75.18%	1,094	1,307
LINK	22,137	20,198	91.24%	1,095	1,627
BURRIS	26,760	20,180	75.41%	1,096	1,312
HAMMER	21,709	20,150	92.82%	1,097	1,661
DUBOIS	23,366	20,146	86.22%	1,098	1,539
COTE	21,446	20,127	93.85%	1,099	1,681
BOWER	21,445	20,126	93.85%	1,100	1,682
GUNTER	24,513	20,115	82.06%	1,101	1,457
GREENWOOD	24,971	20,112	80.54%	1,102	1,422
CLIFTON	24,758	20,101	81.19%	1,103	1,439
NIX	24,786	20,089	81.05%	1,104	1,438
GRACE	28,098	20,079	71.46%	1,105	1,248
GAGNON	21,208	20,069	94.63%	1,106	1,697
SHEETS	21,384	20,048	93.75%	1,107	1,685
GREENBERG	20,897	19,917	95.31%	1,108	1,720
HAGER	21,106	19,914	94.35%	1,109	1,707
BENJAMIN	40,590	19,905	49.04%	1,110	850
SINCLAIR	27,243	19,890	73.01%	1,111	1,290
HATCHER	29,235	19,880	68.00%	1,112	1,210
MAURER	20,707	19,858	95.90%	1,113	1,729
CLIFFORD	22,245	19,836	89.17%	1,114	1,618
GROVE	21,732	19,757	90.91%	1,115	1,657
GEIGER	22,039	19,756	89.64%	1,116	1,634
ERWIN	22,496	19,747	87.78%	1,117	1,594
MANLEY	25,136	19,742	78.54%	1,118	1,413
METZGER	20,771	19,708	94.88%	1,119	1,724
BLOCK	21,717	19,695	90.69%	1,120	1,658
ALFORD	30,771	19,678	63.95%	1,121	1,140
HOLLEY	30,231	19,668	65.06%	1,122	1,163
JORGENSEN	20,731	19,609	94.59%	1,123	1,728
VOSS	20,911	19,589	93.68%	1,124	1,719
GUY	28,852	19,585	67.88%	1,125	1,227
TERRELL	35,408	19,566	55.26%	1,126	983
KRUSE	20,584	19,559	95.02%	1,127	1,741
BOYCE	26,376	19,558	74.15%	1,128	1,337
TALLEY	30,014	19,557	65.16%	1,129	1,170
HAND	22,006	19,550	88.84%	1,130	1,639
DUGAN	21,455	19,546	91.10%	1,131	1,679
CHILDRESS	24,937	19,533	78.33%	1,132	1,424
HOYT	21,169	19,522	92.22%	1,133	1,701
TEAGUE	24,514	19,501	79.55%	1,134	1,456
CAHILL	20,623	19,497	94.54%	1,135	1,737
MCELROY	24,668	19,470	78.93%	1,136	1,446
BUTCHER	22,978	19,439	84.60%	1,137	1,567
MOSLEY	47,963	19,420	40.49%	1,138	730
PURCELL	22,383	19,406	86.70%	1,139	1,599
GAMBLE	34,005	19,400	57.05%	1,140	1,024
STILES	21,357	19,399	90.83%	1,141	1,689
SHERWOOD	21,384	19,397	90.71%	1,142	1,685
WALDEN	24,821	19,395	78.14%	1,143	1,435
LARKIN	23,578	19,379	82.19%	1,144	1,521
CLEMENT	23,830	19,369	81.28%	1,145	1,505
ELMORE	25,774	19,328	74.99%	1,146	1,369
DRAPER	24,337	19,328	79.42%	1,147	1,467
PHIPPS	23,610	19,311	81.79%	1,148	1,519
MAYFIELD	29,805	19,308	64.78%	1,149	1,184
WHITLEY	26,732	19,306	72.22%	1,150	1,313
CARUSO	20,367	19,294	94.73%	1,151	1,758
PIPER	22,329	19,281	86.35%	1,152	1,607
THACKER	21,512	19,275	89.60%	1,153	1,677
MEADE	22,091	19,226	87.03%	1,154	1,631
HOLLINGSWORTH	23,831	19,215	80.63%	1,155	1,504
REECE	24,145	19,205	79.54%	1,156	1,479
WILLARD	21,352	19,191	89.88%	1,157	1,690
MCFADDEN	31,839	19,189	60.27%	1,158	1,098
OHARA	21,710	19,189	88.39%	1,159	1,660
COKER	23,348	19,164	82.08%	1,160	1,541
BOWLES	23,713	19,153	80.77%	1,161	1,514
CORNELL	21,558	19,094	88.57%	1,162	1,672
DALEY	24,901	19,079	76.62%	1,163	1,427
SCHAFFER	20,614	19,078	92.55%	1,164	1,738
DICKEY	23,320	19,055	81.71%	1,165	1,542
DUNHAM	22,362	19,035	85.12%	1,166	1,604
MESSER	20,306	19,033	93.73%	1,167	1,769
HERRON	26,559	19,022	71.62%	1,168	1,328
NOEL	31,768	19,007	59.83%	1,169	1,103
PEDERSEN	20,135	18,997	94.35%	1,170	1,780
ROOT	20,284	18,982	93.58%	1,171	1,770
FINN	20,852	18,954	90.90%	1,172	1,721
SWIFT	24,249	18,953	78.16%	1,173	1,473
AMES	22,385	18,949	84.65%	1,174	1,598
HINTON	35,606	18,928	53.16%	1,175	979
HERBERT	26,417	18,917	71.61%	1,176	1,334
KEENAN	20,353	18,902	92.87%	1,177	1,765
RAMEY	22,287	18,893	84.77%	1,178	1,616
FERRIS	20,703	18,887	91.23%	1,179	1,732
POE	23,563	18,886	80.15%	1,180	1,522
STINSON	26,681	18,882	70.77%	1,181	1,317
METZ	20,366	18,847	92.54%	1,182	1,760
WILHELM	19,913	18,846	94.64%	1,183	1,802
BEAVER	21,640	18,840	87.06%	1,184	1,665
BARNHART	20,157	18,829	93.41%	1,185	1,777
STROUD	24,211	18,819	77.73%	1,186	1,477
FOREMAN	28,605	18,816	65.78%	1,187	1,234
GAINES	43,821	18,812	42.93%	1,188	788
TOTH	19,606	18,779	95.78%	1,189	1,826
COYLE	19,931	18,761	94.13%	1,190	1,800
HOLLIS	28,617	18,753	65.53%	1,191	1,233
MINER	21,439	18,740	87.41%	1,192	1,683
BERGERON	20,073	18,734	93.33%	1,193	1,786
SIZEMORE	20,116	18,728	93.10%	1,194	1,783
GOMEZ	365,655	18,722	5.12%	1,195	51
BOUCHER	20,050	18,689	93.21%	1,196	1,791
BILLINGS	22,553	18,642	82.66%	1,197	1,588
CUMMINS	20,705	18,634	90.00%	1,198	1,731
TACKETT	19,737	18,620	94.34%	1,199	1,818
SMART	25,528	18,595	72.84%	1,200	1,388
FERREIRA	27,898	18,563	66.54%	1,201	1,260
LOVELL	21,171	18,548	87.61%	1,202	1,700
CULLEN	20,000	18,536	92.68%	1,203	1,796
WASHBURN	20,030	18,534	92.53%	1,204	1,793
KOEHLER	19,368	18,518	95.61%	1,205	1,853
GRADY	26,103	18,489	70.83%	1,206	1,355
DICK	20,923	18,467	88.26%	1,207	1,718
BIGGS	22,641	18,461	81.54%	1,208	1,581
MCGILL	27,330	18,453	67.52%	1,209	1,282
ALDRIDGE	23,034	18,448	80.09%	1,210	1,562
WHALEY	22,833	18,447	80.79%	1,211	1,575
URBAN	20,058	18,445	91.96%	1,212	1,790
WOMACK	28,201	18,376	65.16%	1,213	1,245
GODWIN	22,628	18,360	81.14%	1,214	1,583
DIAMOND	21,586	18,352	85.02%	1,215	1,670
BARNARD	20,366	18,305	89.88%	1,216	1,760
ABRAMS	25,534	18,287	71.62%	1,217	1,387
DORSEY	43,631	18,255	41.84%	1,218	793
LEVIN	19,144	18,254	95.35%	1,219	1,876
ROUSE	26,519	18,253	68.83%	1,220	1,330
YOST	19,210	18,250	95.00%	1,221	1,869
BROUSSARD	26,971	18,246	67.65%	1,222	1,302
CREWS	24,219	18,242	75.32%	1,223	1,475
PAULSON	19,331	18,229	94.30%	1,224	1,857
LESLIE	25,078	18,217	72.64%	1,225	1,417
GORE	25,648	18,215	71.02%	1,226	1,378
SWAN	23,001	18,210	79.17%	1,227	1,564
WESTON	25,637	18,187	70.94%	1,228	1,380
CRONIN	19,078	18,181	95.30%	1,229	1,883
KRAUS	19,028	18,174	95.51%	1,230	1,890
NOWAK	18,891	18,158	96.12%	1,231	1,902
BURGER	19,480	18,153	93.19%	1,232	1,840
MILLIGAN	22,416	18,150	80.97%	1,233	1,597
PEACOCK	21,712	18,149	83.59%	1,234	1,659
CONNORS	19,637	18,137	92.36%	1,235	1,823
ENGLE	19,226	18,130	94.30%	1,236	1,866
CHRISTIANSEN	19,340	18,120	93.69%	1,237	1,854
SOUZA	22,373	18,118	80.98%	1,238	1,601
KENDRICK	27,915	18,117	64.90%	1,239	1,259
BONNER	33,446	18,098	54.11%	1,240	1,042
CASTLE	20,534	18,078	88.04%	1,241	1,744
ROMERO	208,614	18,045	8.65%	1,242	115
DIAZ	347,636	18,042	5.19%	1,243	55
HAGAN	21,017	18,035	85.81%	1,244	1,710
GIFFORD	19,514	18,025	92.37%	1,245	1,834
MCNEIL	34,368	18,019	52.43%	1,246	1,018
DREW	23,722	18,010	75.92%	1,247	1,513
BOWDEN	24,560	18,000	73.29%	1,248	1,450
TEMPLE	22,549	17,983	79.75%	1,249	1,590
CAUDILL	18,822	17,966	95.45%	1,250	1,913
MAGEE	27,720	17,954	64.77%	1,251	1,269
CHILDS	28,359	17,951	63.30%	1,252	1,242
SHIPLEY	19,563	17,943	91.72%	1,253	1,831
DIEHL	18,815	17,918	95.23%	1,254	1,916
JACOBSEN	18,820	17,887	95.04%	1,255	1,914
MCKINLEY	24,000	17,875	74.48%	1,256	1,489
THOMASON	20,478	17,849	87.16%	1,257	1,751
HOSKINS	24,581	17,846	72.60%	1,258	1,449
HOUSER	20,484	17,833	87.06%	1,259	1,749
MCGRAW	21,614	17,829	82.49%	1,260	1,668
KILGORE	21,627	17,823	82.41%	1,261	1,667
GILLIAM	29,414	17,810	60.55%	1,262	1,204
TIDWELL	21,176	17,788	84.00%	1,263	1,699
BEYER	18,641	17,784	95.40%	1,264	1,937
MCCRACKEN	19,287	17,783	92.20%	1,265	1,862
COULTER	20,757	17,778	85.65%	1,266	1,725
CROCKER	20,370	17,775	87.26%	1,267	1,757
LANDIS	18,826	17,774	94.41%	1,268	1,912
CHAPPELL	23,634	17,773	75.20%	1,269	1,516
DIETZ	18,720	17,735	94.74%	1,270	1,925
LOCKHART	27,883	17,731	63.59%	1,271	1,261
SILVER	22,052	17,714	80.33%	1,272	1,632
BRAGG	21,934	17,710	80.74%	1,273	1,643
SPANGLER	18,622	17,700	95.05%	1,274	1,940
DAVISON	22,276	17,692	79.42%	1,275	1,617
PLUMMER	25,596	17,654	68.97%	1,276	1,382
DUVALL	19,844	17,653	88.96%	1,277	1,811
EDDY	19,321	17,599	91.09%	1,278	1,858
MCHUGH	18,422	17,554	95.29%	1,279	1,962
SHELDON	19,339	17,548	90.74%	1,280	1,855
VICKERS	22,176	17,535	79.07%	1,281	1,625
YARBROUGH	24,749	17,475	70.61%	1,282	1,441
LILLY	22,662	17,443	76.97%	1,283	1,580
GOODRICH	19,487	17,443	89.51%	1,284	1,838
ERNST	18,361	17,437	94.97%	1,285	1,969
HEDRICK	18,804	17,433	92.71%	1,286	1,918
BUNCH	22,117	17,411	78.72%	1,287	1,629
BOSWELL	22,540	17,381	77.11%	1,288	1,591
LAND	21,116	17,370	82.26%	1,289	1,704
KOWALSKI	18,077	17,363	96.05%	1,290	1,999
NORTH	20,343	17,328	85.18%	1,291	1,766
PETTIT	19,004	17,322	91.15%	1,292	1,892
ALLRED	18,526	17,318	93.48%	1,293	1,947
PEREIRA	29,898	17,317	57.92%	1,294	1,175
WHITMAN	19,399	17,316	89.26%	1,295	1,851
LOCKWOOD	19,865	17,298	87.08%	1,296	1,806
BASSETT	20,482	17,283	84.38%	1,297	1,750
GRIGGS	24,819	17,279	69.62%	1,298	1,437
CRUZ	334,201	17,278	5.17%	1,299	57
SADLER	21,504	17,246	80.20%	1,300	1,678
WISEMAN	19,439	17,244	88.71%	1,301	1,845
NANCE	24,018	17,233	71.75%	1,302	1,487
DEAL	20,366	17,224	84.57%	1,303	1,760
WADDELL	21,301	17,222	80.85%	1,304	1,691
PUTNAM	18,340	17,199	93.78%	1,305	1,971
LAYTON	19,504	17,199	88.18%	1,306	1,836
RAINES	21,518	17,197	79.92%	1,307	1,676
LEDFORD	18,532	17,179	92.70%	1,308	1,946
GALLO	23,056	17,172	74.48%	1,309	1,560
LOTT	26,174	17,160	65.56%	1,310	1,350
FLAHERTY	17,926	17,157	95.71%	1,311	2,013
COTTON	33,374	17,141	51.36%	1,312	1,044
RIZZO	18,605	17,139	92.12%	1,313	1,943
RAMOS	263,464	17,099	6.49%	1,314	76
OGDEN	18,860	17,085	90.59%	1,315	1,906
CAPPS	18,194	17,071	93.83%	1,316	1,983
CARTWRIGHT	22,156	17,060	77.00%	1,317	1,626
BERNSTEIN	17,916	17,058	95.21%	1,318	2,015
TRIPP	20,434	17,058	83.48%	1,319	1,753
ASH	21,030	17,053	81.09%	1,320	1,709
STACY	19,010	17,029	89.58%	1,321	1,891
KISER	18,674	17,014	91.11%	1,322	1,934
VOGT	18,061	17,010	94.18%	1,323	2,002
MCMULLEN	20,545	17,003	82.76%	1,324	1,742
RHOADES	18,508	16,994	91.82%	1,325	1,949
NEELY	23,843	16,979	71.21%	1,326	1,502
HYATT	19,280	16,964	87.99%	1,327	1,863
DUNBAR	26,405	16,957	64.22%	1,328	1,335
PELLETIER	17,808	16,935	95.10%	1,329	2,026
HANLEY	19,240	16,929	87.99%	1,330	1,864
COLVIN	22,499	16,926	75.23%	1,331	1,592
BULLARD	23,755	16,925	71.25%	1,332	1,509
CARLTON	21,202	16,896	79.69%	1,333	1,698
MINOR	30,702	16,886	55.00%	1,334	1,145
GOLD	18,698	16,862	90.18%	1,335	1,928
THURMAN	23,950	16,861	70.40%	1,336	1,492
HADLEY	21,771	16,855	77.42%	1,337	1,653
FORREST	22,954	16,846	73.39%	1,338	1,569
BERGMAN	17,846	16,841	94.37%	1,339	2,021
BURKETT	19,369	16,830	86.89%	1,340	1,852
LATHAM	21,277	16,815	79.03%	1,341	1,693
WINN	22,316	16,799	75.28%	1,342	1,611
ALBRECHT	17,581	16,769	95.38%	1,343	2,047
OMALLEY	17,588	16,751	95.24%	1,344	2,046
TOBIN	18,932	16,747	88.46%	1,345	1,896
BUCKNER	24,822	16,733	67.41%	1,346	1,434
PRYOR	27,805	16,730	60.17%	1,347	1,263
LAIRD	18,696	16,727	89.47%	1,348	1,929
BRANDON	26,284	16,719	63.61%	1,349	1,342
BAUMAN	17,641	16,706	94.70%	1,350	2,040
SNELL	22,177	16,697	75.29%	1,351	1,623
MOBLEY	29,065	16,695	57.44%	1,352	1,215
BRANCH	35,225	16,686	47.37%	1,353	990
GROSSMAN	17,484	16,681	95.41%	1,354	2,067
DELONG	17,844	16,673	93.44%	1,355	2,022
COPE	18,410	16,661	90.50%	1,356	1,964
IVEY	23,263	16,661	71.62%	1,357	1,546
SWAIN	25,157	16,646	66.17%	1,358	1,412
TROYER	16,981	16,635	97.96%	1,359	2,132
HATHAWAY	18,401	16,616	90.30%	1,360	1,966
VINSON	25,341	16,616	65.57%	1,361	1,401
FARR	20,011	16,613	83.02%	1,362	1,794
BATEMAN	19,001	16,584	87.28%	1,363	1,893
CORCORAN	17,607	16,581	94.17%	1,364	2,044
NEUMANN	17,484	16,575	94.80%	1,365	2,067
BLUM	17,458	16,561	94.86%	1,366	2,072
DILLARD	31,021	16,547	53.34%	1,367	1,130
KEEN	18,459	16,547	89.64%	1,368	1,959
WEIR	18,881	16,544	87.62%	1,369	1,903
SUMNER	18,838	16,540	87.80%	1,370	1,909
DOTY	17,965	16,526	91.99%	1,371	2,009
SKAGGS	17,778	16,525	92.95%	1,372	2,028
SHULTZ	17,395	16,515	94.94%	1,373	2,080
OKEEFE	17,414	16,495	94.72%	1,374	2,079
STERLING	25,894	16,471	63.61%	1,375	1,362
ECKERT	17,269	16,463	95.33%	1,376	2,093
BENOIT	20,160	16,459	81.64%	1,377	1,775
MADSEN	17,364	16,458	94.78%	1,378	2,083
DARLING	18,879	16,449	87.13%	1,379	1,904
HINSON	19,857	16,440	82.79%	1,380	1,807
COATES	23,725	16,396	69.11%	1,381	1,512
ZIMMER	17,146	16,395	95.62%	1,382	2,111
SCHUSTER	17,325	16,370	94.49%	1,383	2,088
LEDBETTER	19,417	16,370	84.31%	1,384	1,847
MCGOVERN	17,257	16,361	94.81%	1,385	2,095
MOHR	17,180	16,324	95.02%	1,386	2,106
ABEL	18,464	16,293	88.24%	1,387	1,958
MANSFIELD	18,725	16,261	86.84%	1,388	1,923
SHEARER	17,707	16,239	91.71%	1,389	2,033
MEDEIROS	19,031	16,239	85.33%	1,390	1,889
CROWDER	24,396	16,233	66.54%	1,391	1,460
REEDER	19,155	16,217	84.66%	1,392	1,874
HIRSCH	17,072	16,189	94.83%	1,393	2,120
ALDRICH	17,509	16,187	92.45%	1,394	2,060
NAPIER	19,182	16,170	84.30%	1,395	1,872
HAWLEY	18,100	16,158	89.27%	1,396	1,993
KNUTSON	16,910	16,151	95.51%	1,397	2,145
CARLISLE	20,365	16,151	79.31%	1,398	1,763
ROCK	19,313	16,150	83.62%	1,399	1,859
CAGLE	17,647	16,143	91.48%	1,400	2,039
HOFFMANN	16,966	16,130	95.07%	1,401	2,136
MCCORMACK	17,449	16,128	92.43%	1,402	2,074
HANKINS	21,532	16,121	74.87%	1,403	1,675
SCHWAB	16,870	16,119	95.55%	1,404	2,152
KEATING	17,060	16,098	94.36%	1,405	2,121
BLAND	26,722	16,087	60.20%	1,406	1,315
WAITE	18,664	16,083	86.17%	1,407	1,936
MICHAELS	17,528	16,080	91.74%	1,408	2,057
BUSCH	17,354	16,078	92.65%	1,409	2,086
GRECO	17,150	16,076	93.74%	1,410	2,110
HOFF	17,223	16,066	93.28%	1,411	2,103
BEAL	20,752	16,043	77.31%	1,412	1,726
JUDD	18,110	16,038	88.56%	1,413	1,991
CAVANAUGH	17,577	16,014	91.11%	1,414	2,049
STORY	19,218	16,003	83.27%	1,415	1,867
OLIVEIRA	19,055	15,993	83.93%	1,416	1,887
FITCH	19,060	15,978	83.83%	1,417	1,885
SCHULTE	16,658	15,972	95.88%	1,418	2,183
SCHRADER	16,727	15,968	95.46%	1,419	2,171
DILL	18,215	15,967	87.66%	1,420	1,980
GUNN	23,524	15,959	67.84%	1,421	1,525
WYNN	29,417	15,956	54.24%	1,422	1,203
JOYNER	29,884	15,931	53.31%	1,423	1,177
MAGUIRE	16,713	15,921	95.26%	1,424	2,173
BRAND	19,135	15,909	83.14%	1,425	1,879
GERBER	16,732	15,882	94.92%	1,426	2,170
MURDOCK	19,873	15,871	79.86%	1,427	1,804
RICHEY	18,296	15,863	86.70%	1,428	1,977
FERNANDEZ	180,842	15,860	8.77%	1,429	142
ULRICH	16,668	15,855	95.12%	1,430	2,180
OAKES	17,499	15,849	90.57%	1,431	2,065
QUIGLEY	17,121	15,837	92.50%	1,432	2,113
PRATER	19,484	15,821	81.20%	1,433	1,839
DASILVA	20,338	15,815	77.76%	1,434	1,767
KOHLER	16,686	15,807	94.73%	1,435	2,177
CATES	18,190	15,805	86.89%	1,436	1,984
LANDERS	19,144	15,805	82.56%	1,437	1,876
SPAULDING	18,902	15,802	83.60%	1,438	1,899
GUIDRY	20,600	15,767	76.54%	1,439	1,739
ROONEY	16,823	15,765	93.71%	1,440	2,156
MCWILLIAMS	20,523	15,741	76.70%	1,441	1,746
BAER	16,587	15,728	94.82%	1,442	2,192
JAMISON	27,697	15,704	56.70%	1,443	1,270
DARNELL	17,915	15,692	87.59%	1,444	2,016
SCHILLING	16,546	15,681	94.77%	1,445	2,200
COON	17,097	15,680	91.71%	1,446	2,116
HACKETT	20,278	15,667	77.26%	1,447	1,772
RIVERS	38,662	15,647	40.47%	1,448	897
CONROY	16,651	15,645	93.96%	1,449	2,184
TRENT	19,630	15,639	79.67%	1,450	1,824
MADISON	28,411	15,637	55.04%	1,451	1,241
STOLTZFUS	15,786	15,628	99.00%	1,452	2,311
KEARNEY	20,706	15,623	75.45%	1,453	1,730
PAPPAS	16,559	15,607	94.25%	1,454	2,198
PLATT	18,022	15,602	86.57%	1,455	2,006
BURKHART	16,526	15,596	94.37%	1,456	2,204
ADLER	16,412	15,575	94.90%	1,457	2,223
STAPLETON	18,332	15,569	84.93%	1,458	1,973
HUTTON	18,479	15,565	84.23%	1,459	1,955
CRANDALL	16,781	15,559	92.72%	1,460	2,163
KINCAID	18,075	15,557	86.07%	1,461	2,000
HARDEN	26,617	15,539	58.38%	1,462	1,322
PACK	18,678	15,529	83.14%	1,463	1,932
JANSEN	16,596	15,527	93.56%	1,464	2,189
READ	17,048	15,527	91.08%	1,465	2,127
ATWOOD	17,112	15,519	90.69%	1,466	2,114
BENEDICT	17,036	15,516	91.08%	1,467	2,130
DUTTON	17,057	15,512	90.94%	1,468	2,123
CRUM	17,944	15,505	86.41%	1,469	2,010
CALVERT	17,619	15,494	87.94%	1,470	2,043
SLAUGHTER	27,155	15,492	57.05%	1,471	1,295
OROURKE	16,457	15,488	94.11%	1,472	2,213
SEWELL	22,294	15,488	69.47%	1,473	1,614
KENNY	17,429	15,486	88.85%	1,474	2,077
MUNSON	17,745	15,483	87.25%	1,475	2,030
SHAVER	16,972	15,480	91.21%	1,476	2,135
THAYER	16,625	15,473	93.07%	1,477	2,186
ADAIR	18,708	15,470	82.69%	1,478	1,927
GIORDANO	16,569	15,459	93.30%	1,479	2,197
HAY	18,029	15,458	85.74%	1,480	2,005
MAST	15,932	15,452	96.99%	1,481	2,288
MARCUM	16,246	15,421	94.92%	1,482	2,244
VANDYKE	17,030	15,405	90.46%	1,483	2,131
MCCOLLUM	19,990	15,380	76.94%	1,484	1,798
ROSENTHAL	16,583	15,376	92.72%	1,485	2,194
SAPP	20,448	15,367	75.15%	1,486	1,752
FONTENOT	20,035	15,363	76.68%	1,487	1,792
LIGHT	16,769	15,359	91.59%	1,488	2,164
SCHREIBER	16,034	15,353	95.75%	1,489	2,269
WALDRON	17,501	15,329	87.59%	1,490	2,063
BAUM	16,334	15,325	93.82%	1,491	2,230
HURD	20,540	15,313	74.55%	1,492	1,743
TYSON	28,947	15,301	52.86%	1,493	1,221
DELUCA	16,066	15,256	94.96%	1,494	2,263
MATTSON	16,203	15,249	94.11%	1,495	2,247
HENNING	16,557	15,242	92.06%	1,496	2,199
RADER	16,320	15,238	93.37%	1,497	2,233
FRIEND	17,635	15,237	86.40%	1,498	2,041
BRENNER	16,114	15,215	94.42%	1,499	2,255
SPICER	18,501	15,210	82.21%	1,500	1,951
DOSS	21,366	15,208	71.18%	1,501	1,687
LACKEY	18,082	15,202	84.07%	1,502	1,996
STAUFFER	15,821	15,194	96.04%	1,503	2,307
BUTTS	23,227	15,193	65.41%	1,504	1,548
SHOOK	16,070	15,186	94.50%	1,505	2,262
REAGAN	16,491	15,180	92.05%	1,506	2,207
CODY	19,600	15,180	77.45%	1,507	1,828
STANFORD	21,295	15,173	71.25%	1,508	1,692
DORAN	16,704	15,171	90.82%	1,509	2,174
GOINS	22,837	15,171	66.43%	1,510	1,574
ALTMAN	16,448	15,167	92.21%	1,511	2,217
ROMAN	72,918	15,160	20.79%	1,512	452
MAYES	25,256	15,156	60.01%	1,513	1,408
LANGFORD	19,208	15,151	78.88%	1,514	1,870
DOBBS	18,476	15,148	81.99%	1,515	1,956
CRAIN	17,650	15,144	85.80%	1,516	2,038
SORENSON	15,962	15,126	94.76%	1,517	2,284
EDMONDS	24,857	15,111	60.79%	1,518	1,432
WETZEL	15,849	15,109	95.33%	1,519	2,300
ROCHE	18,940	15,103	79.74%	1,520	1,895
LAUGHLIN	16,323	15,102	92.52%	1,521	2,232
KEENE	17,711	15,084	85.17%	1,522	2,032
BERMAN	16,025	15,083	94.12%	1,523	2,271
HONEYCUTT	16,587	15,079	90.91%	1,524	2,192
SHEFFIELD	19,738	15,072	76.36%	1,525	1,817
HERNDON	19,183	15,055	78.48%	1,526	1,871
MCLAIN	17,152	15,039	87.68%	1,527	2,109
DIETRICH	15,904	15,036	94.54%	1,528	2,291
MCNALLY	16,039	15,029	93.70%	1,529	2,268
EUBANKS	20,424	15,028	73.58%	1,530	1,755
RUSHING	19,604	15,011	76.57%	1,531	1,827
JEFFRIES	23,510	14,988	63.75%	1,532	1,526
KYLE	18,721	14,975	79.99%	1,533	1,924
ERVIN	25,698	14,974	58.27%	1,534	1,377
SCHWARZ	15,884	14,972	94.26%	1,535	2,295
THORPE	21,813	14,968	68.62%	1,536	1,651
DOBSON	19,419	14,939	76.93%	1,537	1,846
STALEY	18,080	14,929	82.57%	1,538	1,998
RING	16,381	14,921	91.09%	1,539	2,226
JARRETT	21,821	14,919	68.37%	1,540	1,648
BROWNE	22,289	14,911	66.90%	1,541	1,615
HURT	21,037	14,894	70.80%	1,542	1,708
SYKES	27,546	14,883	54.03%	1,543	1,276
SAYLOR	16,010	14,880	92.94%	1,544	2,276
SCHAEFFER	16,024	14,877	92.84%	1,545	2,272
SANDS	18,584	14,876	80.05%	1,546	1,944
MOSHER	15,672	14,838	94.68%	1,547	2,325
GILLIS	18,834	14,830	78.74%	1,548	1,910
HUGGINS	22,371	14,830	66.29%	1,549	1,602
EASTMAN	16,791	14,828	88.31%	1,550	2,162
GAUTHIER	16,852	14,808	87.87%	1,551	2,153
JACOB	24,688	14,808	59.98%	1,552	1,444
AMOS	23,621	14,789	62.61%	1,553	1,517
WAITERS	19,853	14,787	74.48%	1,554	1,809
NAGY	15,497	14,778	95.36%	1,555	2,354
STONER	16,204	14,767	91.13%	1,556	2,246
POSEY	20,263	14,766	72.87%	1,557	1,773
CLEARY	15,980	14,762	92.38%	1,558	2,280
HAUSER	15,981	14,758	92.35%	1,559	2,279
BURROWS	17,355	14,738	84.92%	1,560	2,085
FAGAN	17,501	14,732	84.18%	1,561	2,063
RAINEY	23,291	14,715	63.18%	1,562	1,545
STREET	19,866	14,713	74.06%	1,563	1,805
LUNSFORD	16,962	14,708	86.71%	1,564	2,137
BAIN	17,371	14,694	84.59%	1,565	2,082
VARNER	18,081	14,667	81.12%	1,566	1,997
MONAHAN	15,533	14,658	94.37%	1,567	2,347
CROCKETT	23,769	14,658	61.67%	1,568	1,507
ROPER	20,065	14,655	73.04%	1,569	1,787
HENLEY	20,934	14,654	70.00%	1,570	1,717
OAKLEY	17,238	14,649	84.98%	1,571	2,099
SAUER	15,430	14,646	94.92%	1,572	2,364
CHRISTIE	18,681	14,646	78.40%	1,573	1,931
RIDER	16,352	14,615	89.38%	1,574	2,227
WHITT	17,293	14,614	84.51%	1,575	2,092
LACY	23,110	14,610	63.22%	1,576	1,559
LOMBARDO	15,598	14,590	93.54%	1,577	2,336
CORNELIUS	20,160	14,560	72.22%	1,578	1,775
HORVATH	15,302	14,558	95.14%	1,579	2,379
HANKS	17,498	14,548	83.14%	1,580	2,066
HUMPHRIES	18,201	14,541	79.89%	1,581	1,981
CULVER	17,566	14,525	82.69%	1,582	2,051
CHADWICK	16,415	14,513	88.41%	1,583	2,222
DENNY	17,503	14,512	82.91%	1,584	2,062
MOTT	17,092	14,484	84.74%	1,585	2,117
REDMOND	21,834	14,472	66.28%	1,586	1,647
HAWK	16,884	14,466	85.68%	1,587	2,149
RUDOLPH	19,854	14,466	72.86%	1,588	1,808
REYES	327,904	14,461	4.41%	1,589	60
HUDDLESTON	17,231	14,459	83.91%	1,590	2,102
IRVIN	21,263	14,459	68.00%	1,591	1,695
WESTBROOK	20,284	14,446	71.22%	1,592	1,770
CORNETT	15,733	14,440	91.78%	1,593	2,322
MORALES	311,777	14,435	4.63%	1,594	63
GROVER	17,534	14,380	82.01%	1,595	2,056
SPIVEY	21,161	14,375	67.93%	1,596	1,702
BURNHAM	15,775	14,347	90.95%	1,597	2,315
CORMIER	17,377	14,346	82.56%	1,598	2,081
RODRIGUES	31,280	14,342	45.85%	1,599	1,122
LENTZ	15,126	14,315	94.64%	1,600	2,396
BRUNNER	15,593	14,314	91.80%	1,601	2,337
LEONE	15,364	14,301	93.08%	1,602	2,372
HUSTON	16,435	14,295	86.98%	1,603	2,218
BURKS	27,523	14,295	51.94%	1,604	1,278
PARR	16,286	14,281	87.69%	1,605	2,239
CALL	15,324	14,268	93.11%	1,606	2,376
MCCORD	17,875	14,252	79.73%	1,607	2,019
DUFF	16,536	14,246	86.15%	1,608	2,202
BRYSON	18,486	14,243	77.05%	1,609	1,954
ORTIZ	286,899	14,230	4.96%	1,610	68
BREWSTER	19,564	14,227	72.72%	1,611	1,830
MATTINGLY	15,050	14,218	94.47%	1,612	2,411
TALBOT	15,562	14,210	91.31%	1,613	2,342
CARMICHAEL	19,628	14,197	72.33%	1,614	1,825
KERNS	15,614	14,190	90.88%	1,615	2,333
DOWLING	16,238	14,176	87.30%	1,616	2,245
BECKMAN	15,045	14,175	94.22%	1,617	2,412
HUMMEL	14,715	14,171	96.30%	1,618	2,453
GANNON	14,981	14,169	94.58%	1,619	2,418
LANIER	20,997	14,169	67.48%	1,620	1,712
ADAMSON	16,515	14,153	85.70%	1,621	2,205
THORNE	18,738	14,147	75.50%	1,622	1,922
ASHBY	17,482	14,146	80.92%	1,623	2,069
LANGSTON	19,742	14,145	71.65%	1,624	1,816
HOSTETLER	14,505	14,137	97.46%	1,625	2,490
PYLE	15,180	14,134	93.11%	1,626	2,389
FENTON	16,017	14,132	88.23%	1,627	2,274
LADD	16,112	14,125	87.67%	1,628	2,256
ARNETT	16,499	14,117	85.56%	1,629	2,206
COTTRELL	16,930	14,116	83.38%	1,630	2,141
HOLLIDAY	20,491	14,116	68.89%	1,631	1,748
ABRAHAM	31,303	14,086	45.00%	1,632	1,120
HERSHBERGER	14,357	14,081	98.08%	1,633	2,523
GENTILE	14,873	14,071	94.61%	1,634	2,436
NUGENT	15,977	14,021	87.76%	1,635	2,281
BURK	15,500	14,014	90.41%	1,636	2,352
TIMMONS	20,671	14,007	67.76%	1,637	1,734
WHITTINGTON	17,517	14,000	79.92%	1,638	2,059
KEARNS	15,136	13,998	92.48%	1,639	2,394
QUEEN	18,557	13,996	75.42%	1,640	1,945
ROWLEY	15,588	13,965	89.59%	1,641	2,338
COMER	16,893	13,949	82.57%	1,642	2,148
COE	16,819	13,923	82.78%	1,643	2,157
AMBROSE	17,178	13,921	81.04%	1,644	2,107
SILVERMAN	14,636	13,917	95.09%	1,645	2,463
GRUBB	14,673	13,917	94.85%	1,646	2,456
CLEMONS	27,022	13,911	51.48%	1,647	1,300
CRAVEN	15,567	13,903	89.31%	1,648	2,341
GABRIEL	26,578	13,903	52.31%	1,649	1,327
MEEHAN	14,630	13,893	94.96%	1,650	2,464
TILLMAN	30,825	13,890	45.06%	1,651	1,139
BAUMANN	14,644	13,884	94.81%	1,652	2,461
UNGER	14,738	13,880	94.18%	1,653	2,449
CROWELL	17,467	13,876	79.44%	1,654	2,071
WAGONER	15,118	13,875	91.78%	1,655	2,401
BLEDSOE	18,510	13,866	74.91%	1,656	1,948
BETTS	19,983	13,856	69.34%	1,657	1,799
DEMARCO	14,731	13,846	93.99%	1,658	2,452
PRESLEY	18,384	13,839	75.28%	1,659	1,968
WAGGONER	14,983	13,838	92.36%	1,660	2,417
NAYLOR	16,745	13,815	82.50%	1,661	2,169
BARTH	14,579	13,808	94.71%	1,662	2,474
TILLEY	15,758	13,802	87.59%	1,663	2,318
SKELTON	15,624	13,801	88.33%	1,664	2,330
COUGHLIN	14,434	13,795	95.57%	1,665	2,510
NAGEL	14,545	13,787	94.79%	1,666	2,480
SYLVESTER	18,896	13,787	72.96%	1,667	1,901
HANNAH	20,138	13,786	68.46%	1,668	1,779
HARMAN	14,658	13,783	94.03%	1,669	2,458
NEWSOME	23,958	13,783	57.53%	1,670	1,491
BEEBE	14,847	13,780	92.81%	1,671	2,441
CONN	15,089	13,779	91.32%	1,672	2,404
COREY	15,569	13,758	88.37%	1,673	2,340
FAY	14,849	13,753	92.62%	1,674	2,440
JOHN	33,543	13,746	40.98%	1,675	1,034
DURBIN	14,650	13,737	93.77%	1,676	2,459
SIMMS	26,287	13,732	52.24%	1,677	1,340
MEEK	14,970	13,719	91.64%	1,678	2,419
GOODE	22,356	13,709	61.32%	1,679	1,605
LOOMIS	14,518	13,702	94.38%	1,680	2,485
SOUSA	15,377	13,702	89.11%	1,681	2,370
ROLAND	19,311	13,701	70.95%	1,682	1,860
STJOHN	15,843	13,690	86.41%	1,683	2,303
HARE	16,304	13,659	83.78%	1,684	2,236
ENNIS	16,419	13,659	83.19%	1,685	2,220
BOUDREAUX	15,976	13,658	85.49%	1,686	2,282
ROARK	14,509	13,656	94.12%	1,687	2,489
WOODY	18,434	13,647	74.03%	1,688	1,960
REARDON	14,435	13,630	94.42%	1,689	2,509
JEFFERS	17,455	13,625	78.06%	1,690	2,073
PEDERSON	14,370	13,620	94.78%	1,691	2,520
LORENZ	14,528	13,617	93.73%	1,692	2,483
GAGE	16,614	13,614	81.94%	1,693	2,187
KELLOGG	15,317	13,608	88.84%	1,694	2,378
WEINER	14,208	13,607	95.77%	1,695	2,546
ANDERS	15,554	13,607	87.48%	1,696	2,343
KAMINSKI	14,152	13,600	96.10%	1,697	2,553
FAUST	16,066	13,598	84.64%	1,698	2,263
GRANGER	17,539	13,594	77.51%	1,699	2,055
SCHULER	14,745	13,590	92.17%	1,700	2,448
TATUM	24,558	13,581	55.30%	1,701	1,451
OSWALD	14,322	13,579	94.81%	1,702	2,530
MARCUS	17,671	13,564	76.76%	1,703	2,037
MCDONNELL	14,309	13,543	94.65%	1,704	2,532
MELVIN	20,008	13,533	67.64%	1,705	1,795
WOODALL	16,260	13,530	83.21%	1,706	2,243
BURR	15,703	13,520	86.10%	1,707	2,323
FLOOD	17,053	13,518	79.27%	1,708	2,125
IVERSON	15,539	13,514	86.97%	1,709	2,346
MICHAUD	14,910	13,511	90.62%	1,710	2,431
CUTLER	15,621	13,507	86.47%	1,711	2,331
BRUNER	15,898	13,493	84.87%	1,712	2,292
POWER	14,890	13,475	90.50%	1,713	2,435
MOCK	15,847	13,467	84.98%	1,714	2,301
WHITLOCK	16,927	13,464	79.54%	1,715	2,142
BAGLEY	17,324	13,461	77.70%	1,716	2,089
BAUGHMAN	14,230	13,447	94.50%	1,717	2,543
BLISS	14,588	13,441	92.14%	1,718	2,471
CASTRO	184,134	13,423	7.29%	1,719	138
OUELLETTE	13,984	13,413	95.92%	1,720	2,583
BARGER	14,324	13,402	93.56%	1,721	2,528
GUTIERREZ	293,218	13,400	4.57%	1,722	67
GRUBBS	15,773	13,399	84.95%	1,723	2,316
LACEY	18,691	13,392	71.65%	1,724	1,930
HUTSON	15,835	13,388	84.55%	1,725	2,304
MAIER	14,135	13,382	94.67%	1,726	2,557
LIND	14,990	13,376	89.23%	1,727	2,416
LUKE	18,425	13,375	72.59%	1,728	1,961
HAMLIN	16,871	13,365	79.22%	1,729	2,150
VERNON	17,480	13,362	76.44%	1,730	2,070
CORLEY	17,931	13,355	74.48%	1,731	2,012
STUMP	14,257	13,352	93.65%	1,732	2,539
LOMBARDI	14,227	13,345	93.80%	1,733	2,545
MULLIGAN	14,590	13,345	91.47%	1,734	2,469
GODDARD	15,599	13,345	85.55%	1,735	2,335
WHITFIELD	29,962	13,339	44.52%	1,736	1,171
PARIS	17,707	13,323	75.24%	1,737	2,033
GRUBER	14,131	13,318	94.25%	1,738	2,558
MOELLER	13,915	13,314	95.68%	1,739	2,588
PURDY	15,126	13,311	88.00%	1,740	2,396
WILLOUGHBY	16,111	13,300	82.55%	1,741	2,257
MOSELEY	17,130	13,300	77.64%	1,742	2,112
ARNDT	14,031	13,297	94.77%	1,743	2,576
DEATON	14,052	13,295	94.61%	1,744	2,572
BURDICK	14,081	13,292	94.40%	1,745	2,567
RAPP	14,107	13,287	94.19%	1,746	2,562
FOURNIER	14,449	13,284	91.94%	1,747	2,505
FOOTE	16,425	13,275	80.82%	1,748	2,219
PRESCOTT	16,975	13,274	78.20%	1,749	2,134
DONOHUE	13,919	13,256	95.24%	1,750	2,587
PERDUE	16,464	13,254	80.50%	1,751	2,211
NEWCOMB	14,292	13,247	92.69%	1,752	2,534
STARKEY	15,004	13,246	88.28%	1,753	2,415
STEARNS	14,554	13,243	90.99%	1,754	2,479
FOSS	14,094	13,236	93.91%	1,755	2,563
COVINGTON	27,068	13,236	48.90%	1,756	1,298
HILLIARD	20,377	13,221	64.88%	1,757	1,756
ALLEY	14,323	13,220	92.30%	1,758	2,529
GOMES	24,827	13,218	53.24%	1,759	1,433
HEIM	14,414	13,212	91.66%	1,760	2,513
TABOR	15,445	13,210	85.53%	1,761	2,360
MORELAND	17,832	13,194	73.99%	1,762	2,023
PRITCHETT	19,334	13,192	68.23%	1,763	1,856
MAHAN	15,375	13,189	85.78%	1,764	2,371
PFEIFFER	13,851	13,179	95.15%	1,765	2,601
PURVIS	16,686	13,174	78.95%	1,766	2,177
HARMS	14,377	13,164	91.56%	1,767	2,518
DAIGLE	14,084	13,156	93.41%	1,768	2,566
OGLE	14,354	13,155	91.65%	1,769	2,524
BARON	16,308	13,146	80.61%	1,770	2,234
MCMAHAN	14,368	13,144	91.48%	1,771	2,522
PRIEST	14,915	13,142	88.11%	1,772	2,430
STODDARD	14,317	13,130	91.71%	1,773	2,531
RYDER	14,228	13,110	92.14%	1,774	2,544
LAY	18,468	13,109	70.98%	1,775	1,957
GALE	15,866	13,108	82.62%	1,776	2,296
STRINGER	17,300	13,105	75.75%	1,777	2,091
RENNER	13,889	13,099	94.31%	1,778	2,594
KRUGER	13,898	13,095	94.22%	1,779	2,591
WHITTAKER	17,234	13,094	75.98%	1,780	2,100
MICHEL	25,578	13,070	51.10%	1,781	1,383
IRELAND	14,800	13,068	88.30%	1,782	2,445
TIERNEY	13,608	13,030	95.75%	1,783	2,646
BARTLEY	16,689	13,026	78.05%	1,784	2,175
HECK	13,995	13,022	93.05%	1,785	2,580
HEATON	13,834	13,016	94.09%	1,786	2,606
BARTHOLOMEW	15,339	13,007	84.80%	1,787	2,374
HOUGH	15,549	13,005	83.64%	1,788	2,345
ESTEP	14,037	13,000	92.61%	1,789	2,575
GUNDERSON	13,742	12,999	94.59%	1,790	2,624
BYLER	13,230	12,991	98.19%	1,791	2,722
WEINSTEIN	13,563	12,969	95.62%	1,792	2,659
CLEMENS	14,231	12,962	91.08%	1,793	2,542
WELLER	13,774	12,950	94.02%	1,794	2,615
BEAM	13,972	12,946	92.66%	1,795	2,584
LAWLER	14,387	12,943	89.96%	1,796	2,516
THURSTON	15,234	12,931	84.88%	1,797	2,385
BROWER	14,950	12,929	86.48%	1,798	2,423
CREECH	14,264	12,919	90.57%	1,799	2,538
STRAUSS	13,840	12,918	93.34%	1,800	2,604
TRIMBLE	16,306	12,914	79.20%	1,801	2,235
VANHORN	14,151	12,913	91.25%	1,802	2,554
GOLDSMITH	16,346	12,913	79.00%	1,803	2,229
ABERNATHY	16,450	12,900	78.42%	1,804	2,216
DEVRIES	13,600	12,894	94.81%	1,805	2,649
FLINT	15,123	12,886	85.21%	1,806	2,399
HIGGINBOTHAM	14,489	12,882	88.91%	1,807	2,492
STUBBS	20,134	12,880	63.97%	1,808	1,781
BARNEY	16,404	12,877	78.50%	1,809	2,224
CHASTAIN	13,655	12,874	94.28%	1,810	2,637
DOW	15,472	12,863	83.14%	1,811	2,356
HOGUE	16,457	12,859	78.14%	1,812	2,213
CROUSE	13,598	12,856	94.54%	1,813	2,650
SMALLWOOD	18,717	12,853	68.67%	1,814	1,926
CARNES	14,487	12,841	88.64%	1,815	2,493
MALLOY	16,546	12,836	77.58%	1,816	2,200
FAIRCHILD	13,993	12,829	91.68%	1,817	2,581
MORRISSEY	13,564	12,814	94.47%	1,818	2,658
MAJOR	20,977	12,809	61.06%	1,819	1,714
CHEEK	16,020	12,794	79.86%	1,820	2,273
HACKER	13,625	12,790	93.87%	1,821	2,642
THARP	13,757	12,782	92.91%	1,822	2,619
SCHERER	13,421	12,767	95.13%	1,823	2,682
BRANNON	16,136	12,767	79.12%	1,824	2,253
FERRARA	13,669	12,752	93.29%	1,825	2,635
ROWELL	15,952	12,738	79.85%	1,826	2,285
WRAY	15,405	12,731	82.64%	1,827	2,367
HILLMAN	15,738	12,727	80.87%	1,828	2,321
GOETZ	13,390	12,726	95.04%	1,829	2,689
MACKENZIE	13,733	12,720	92.62%	1,830	2,628
HAMBY	13,823	12,719	92.01%	1,831	2,609
YOUNGBLOOD	18,197	12,702	69.80%	1,832	1,982
STARNES	14,442	12,700	87.94%	1,833	2,507
WILKES	18,314	12,695	69.32%	1,834	1,975
PAYTON	23,670	12,685	53.59%	1,835	1,515
BRANTLEY	21,395	12,672	59.23%	1,836	1,684
WORTHINGTON	14,452	12,656	87.57%	1,837	2,503
MCGREGOR	15,614	12,652	81.03%	1,838	2,333
GRIFFITHS	14,805	12,648	85.43%	1,839	2,444
OVERTON	18,820	12,643	67.18%	1,840	1,914
GEE	23,241	12,622	54.31%	1,841	1,547
NOONAN	13,286	12,608	94.90%	1,842	2,711
GRAF	13,301	12,601	94.74%	1,843	2,710
BOCK	13,382	12,596	94.13%	1,844	2,691
CHAVEZ	250,898	12,595	5.02%	1,845	83
WHITING	16,418	12,589	76.68%	1,846	2,221
MCCARTNEY	13,615	12,588	92.46%	1,847	2,645
HUMPHREYS	13,895	12,579	90.53%	1,848	2,593
HOLM	13,341	12,575	94.26%	1,849	2,701
HERRMANN	13,226	12,575	95.08%	1,850	2,723
RINEHART	13,392	12,572	93.88%	1,851	2,688
KAHN	14,584	12,552	86.07%	1,852	2,473
ISAACS	14,951	12,548	83.93%	1,853	2,422
ELLSWORTH	13,813	12,544	90.81%	1,854	2,611
BREEN	14,170	12,536	88.47%	1,855	2,549
BOUCHARD	13,154	12,531	95.26%	1,856	2,739
LOVETT	19,471	12,528	64.34%	1,857	1,842
LEARY	15,505	12,526	80.79%	1,858	2,351
CHAMPION	17,527	12,525	71.46%	1,859	2,058
WAHL	13,253	12,524	94.50%	1,860	2,716
GILLILAND	13,351	12,510	93.70%	1,861	2,698
RHOADS	13,389	12,505	93.40%	1,862	2,690
FOUNTAIN	20,193	12,501	61.91%	1,863	1,774
GIVENS	25,067	12,496	49.85%	1,864	1,419
MCNULTY	13,483	12,479	92.55%	1,865	2,674
VITALE	13,220	12,478	94.39%	1,866	2,725
PRUETT	13,618	12,475	91.61%	1,867	2,644
SQUIRES	14,045	12,472	88.80%	1,868	2,574
BACHMAN	13,057	12,421	95.13%	1,869	2,763
TITUS	15,780	12,411	78.65%	1,870	2,314
SHIPMAN	15,581	12,399	79.58%	1,871	2,339
EPSTEIN	12,952	12,398	95.72%	1,872	2,786
DAMICO	13,109	12,396	94.56%	1,873	2,752
GRAFF	13,058	12,391	94.89%	1,874	2,762
RUTH	15,012	12,391	82.54%	1,875	2,414
STAPLES	17,217	12,389	71.96%	1,876	2,104
STEWARD	22,318	12,384	55.49%	1,877	1,610
SMILEY	19,829	12,383	62.45%	1,878	1,812
MINTON	13,737	12,381	90.13%	1,879	2,626
EMMONS	13,493	12,374	91.71%	1,880	2,673
BORDEN	15,500	12,371	79.81%	1,881	2,352
STCLAIR	14,590	12,362	84.73%	1,882	2,469
BLANK	13,050	12,361	94.72%	1,883	2,765
KEENER	13,687	12,351	90.24%	1,884	2,633
LINCOLN	16,477	12,341	74.90%	1,885	2,209
MCCAIN	19,032	12,333	64.80%	1,886	1,888
HERRINGTON	14,498	12,328	85.03%	1,887	2,491
BALES	13,326	12,325	92.49%	1,888	2,704
POLK	27,094	12,322	45.48%	1,889	1,296
RUIZ	238,234	12,317	5.17%	1,890	89
WESTFALL	13,079	12,316	94.17%	1,891	2,758
HITCHCOCK	13,608	12,314	90.49%	1,892	2,646
FUCHS	12,958	12,314	95.03%	1,893	2,784
STRANGE	14,948	12,311	82.36%	1,894	2,425
BURNETTE	16,717	12,307	73.62%	1,895	2,172
DOUGLASS	14,862	12,295	82.73%	1,896	2,438
WILLEY	13,067	12,292	94.07%	1,897	2,759
TROTTER	19,927	12,291	61.68%	1,898	1,801
HOPE	17,562	12,288	69.97%	1,899	2,052
KINSEY	16,102	12,287	76.31%	1,900	2,258
LEAVITT	13,133	12,283	93.53%	1,901	2,743
SHANK	13,343	12,272	91.97%	1,902	2,700
CRUMP	20,737	12,258	59.11%	1,903	1,727
LUTHER	13,906	12,255	88.13%	1,904	2,589
DENNISON	14,629	12,250	83.74%	1,905	2,465
CHENEY	13,573	12,239	90.17%	1,906	2,655
STALLINGS	17,269	12,237	70.86%	1,907	2,093
CONDON	13,109	12,235	93.33%	1,908	2,752
BOLES	14,946	12,220	81.76%	1,909	2,426
PENDLETON	16,751	12,218	72.94%	1,910	2,168
MCNEILL	19,152	12,215	63.78%	1,911	1,875
BAIL	14,957	12,215	81.67%	1,912	2,421
SEAMAN	13,237	12,214	92.27%	1,913	2,719
ROWAN	13,993	12,210	87.26%	1,914	2,581
EBERT	12,830	12,205	95.13%	1,915	2,809
WHITTEN	14,054	12,197	86.79%	1,916	2,571
BELANGER	12,922	12,197	94.39%	1,917	2,793
WISNIEWSKI	12,675	12,196	96.22%	1,918	2,846
BUSBY	15,754	12,165	77.22%	1,919	2,320
SHELLEY	14,300	12,158	85.02%	1,920	2,533
KELSEY	14,456	12,157	84.10%	1,921	2,501
CHRISTY	13,750	12,156	88.41%	1,922	2,621
KNOTT	14,622	12,155	83.13%	1,923	2,466
RUCKER	26,581	12,150	45.71%	1,924	1,326
STAMPER	13,528	12,149	89.81%	1,925	2,666
KITCHEN	15,170	12,141	80.03%	1,926	2,390
NICKERSON	15,970	12,140	76.02%	1,927	2,283
TRAHAN	14,114	12,130	85.94%	1,928	2,560
JERNIGAN	15,889	12,122	76.29%	1,929	2,294
ALVAREZ	233,983	12,120	5.18%	1,930	92
SCHELL	13,016	12,120	93.12%	1,931	2,773
STEINBERG	12,709	12,114	95.32%	1,932	2,841
UPTON	13,769	12,111	87.96%	1,933	2,616
HOOK	13,437	12,109	90.12%	1,934	2,680
REICH	12,891	12,098	93.85%	1,935	2,796
CROOK	14,526	12,097	83.28%	1,936	2,484
FAIR	18,609	12,094	64.99%	1,937	1,942
WENDT	12,712	12,093	95.13%	1,938	2,838
BEAVERS	15,531	12,088	77.83%	1,939	2,348
CARON	12,810	12,086	94.35%	1,940	2,817
SEITZ	12,630	12,083	95.67%	1,941	2,855
STOCK	12,722	12,074	94.91%	1,942	2,832
DEVLIN	13,014	12,061	92.68%	1,943	2,774
DOWD	13,590	12,054	88.70%	1,944	2,651
TRIPLETT	18,408	12,044	65.43%	1,945	1,965
KENYON	12,891	12,041	93.41%	1,946	2,796
TEMPLETON	13,396	12,022	89.74%	1,947	2,687
RECTOR	13,559	12,000	88.50%	1,948	2,661
HOUCK	12,634	12,000	94.98%	1,949	2,854
BEARDEN	13,499	11,998	88.88%	1,950	2,670
BRANHAM	13,872	11,995	86.47%	1,951	2,599
JARRELL	13,562	11,994	88.44%	1,952	2,660
MORENO	196,925	11,993	6.09%	1,953	124
ROBB	13,402	11,989	89.46%	1,954	2,686
REES	12,754	11,976	93.90%	1,955	2,828
GARBER	12,640	11,976	94.75%	1,956	2,850
DANIELSON	12,833	11,967	93.25%	1,957	2,808
SNODGRASS	12,806	11,965	93.43%	1,958	2,818
GANN	12,972	11,956	92.17%	1,959	2,780
SAMS	16,014	11,956	74.66%	1,960	2,275
WATT	15,211	11,948	78.55%	1,961	2,387
MCCLELLAND	14,092	11,937	84.71%	1,962	2,564
MESSINA	12,717	11,932	93.83%	1,963	2,833
FINNEY	16,939	11,927	70.41%	1,964	2,139
BARONE	12,758	11,925	93.47%	1,965	2,826
FARRAR	14,892	11,921	80.05%	1,966	2,434
SALISBURY	13,038	11,918	91.41%	1,967	2,768
DENNEY	12,792	11,911	93.11%	1,968	2,821
PRATHER	15,860	11,901	75.04%	1,969	2,298
GIRARD	12,975	11,899	91.71%	1,970	2,778
PACHECO	77,642	11,895	15.32%	1,971	419
PICKERING	13,582	11,892	87.56%	1,972	2,653
ASHER	13,371	11,891	88.93%	1,973	2,695
ADCOCK	12,599	11,887	94.35%	1,974	2,861
SCHUBERT	12,629	11,861	93.92%	1,975	2,856
GRABER	12,204	11,857	97.16%	1,976	2,937
HEIN	12,586	11,853	94.18%	1,977	2,865
BURROUGHS	17,336	11,853	68.37%	1,978	2,087
JOLLY	15,827	11,839	74.80%	1,979	2,306
CURRIE	17,234	11,835	68.67%	1,980	2,100
PEASE	12,937	11,826	91.41%	1,981	2,790
VICK	14,421	11,819	81.96%	1,982	2,511
TROUT	12,758	11,816	92.62%	1,983	2,826
BOLIN	12,962	11,815	91.15%	1,984	2,783
CLEVENGER	12,428	11,804	94.98%	1,985	2,889
BOLLINGER	12,425	11,803	94.99%	1,986	2,891
JAEGER	12,436	11,801	94.89%	1,987	2,887
NORWOOD	22,461	11,799	52.53%	1,988	1,596
WAKEFIELD	14,587	11,797	80.87%	1,989	2,472
WILES	13,105	11,791	89.97%	1,990	2,754
WILLETT	13,065	11,782	90.18%	1,991	2,761
PARISH	14,466	11,770	81.36%	1,992	2,498
BOURGEOIS	13,325	11,769	88.32%	1,993	2,705
WINSLOW	14,056	11,766	83.71%	1,994	2,570
RUDD	14,732	11,761	79.83%	1,995	2,451
WHIPPLE	13,850	11,752	84.85%	1,996	2,602
MAIN	12,776	11,746	91.94%	1,997	2,824
DRUMMOND	17,922	11,739	65.50%	1,998	2,014
AMATO	12,713	11,718	92.17%	1,999	2,837
COBURN	13,741	11,709	85.21%	2,000	2,625