WILLIAMS	1,625,252	774,920	47.68%	1	3
JOHNSON	1,932,812	669,333	34.63%	2	2
SMITH	2,442,977	564,572	23.11%	3	1
JONES	1,425,470	548,521	38.48%	4	5
BROWN	1,437,026	511,581	35.60%	5	4
JACKSON	708,099	375,576	53.04%	6	19
DAVIS	1,116,357	352,769	31.60%	7	8
THOMAS	756,142	293,005	38.75%	8	16
HARRIS	624,252	264,620	42.39%	9	25
ROBINSON	529,821	238,049	44.93%	10	30
TAYLOR	751,209	213,494	28.42%	11	17
WILSON	801,882	208,409	25.99%	12	14
MOORE	724,374	200,941	27.74%	13	18
WHITE	660,491	186,060	28.17%	14	24
LEWIS	531,781	185,273	34.84%	15	29
WALKER	523,129	183,357	35.05%	16	31
GREEN	430,182	159,038	36.97%	17	41
THOMPSON	664,644	156,657	23.57%	18	23
WASHINGTON	177,386	155,266	87.53%	19	145
ANDERSON	784,404	148,488	18.93%	20	15
SCOTT	439,530	144,693	32.92%	21	36
CARTER	376,966	134,162	35.59%	22	49
WRIGHT	458,980	129,570	28.23%	23	35
HILL	434,827	126,622	29.12%	24	39
ALLEN	482,607	126,298	26.17%	25	33
MILLER	1,161,437	124,971	10.76%	26	7
MITCHELL	384,486	124,958	32.50%	27	48
YOUNG	484,447	119,513	24.67%	28	32
LEE	693,023	113,171	16.33%	29	21
MARTIN	702,625	110,734	15.76%	30	20
CLARK	562,679	107,022	19.02%	31	27
KING	465,422	105,930	22.76%	32	34
EDWARDS	332,423	105,145	31.63%	33	58
TURNER	348,627	105,041	30.13%	34	54
COLEMAN	219,070	97,705	44.60%	35	107
JAMES	249,379	96,909	38.86%	36	85
EVANS	355,593	91,459	25.72%	37	53
HALL	407,076	87,888	21.59%	38	45
RICHARDSON	259,798	87,370	33.63%	39	80
ADAMS	427,865	85,145	19.90%	40	42
BROOKS	251,663	84,232	33.47%	41	82
PARKER	336,221	83,349	24.79%	42	56
JENKINS	222,653	81,892	36.78%	43	102
STEWART	324,957	80,784	24.86%	44	61
CAMPBELL	386,157	79,046	20.47%	45	47
HOWARD	264,826	78,097	29.49%	46	75
SIMMONS	210,182	75,981	36.15%	47	114
SANDERS	230,374	75,954	32.97%	48	94
HENDERSON	218,393	74,210	33.98%	49	109
COLLINS	329,770	73,967	22.43%	50	59
COOPER	280,791	73,371	26.13%	51	70
BELL	220,599	71,364	32.35%	52	106
WATSON	252,579	70,470	27.90%	53	81
ALEXANDER	204,621	69,653	34.04%	54	118
BUTLER	218,847	69,024	31.54%	55	108
BRYANT	192,773	68,589	35.58%	56	128
NELSON	424,958	67,866	15.97%	57	43
JORDAN	208,403	64,042	30.73%	58	116
MORRIS	318,884	64,032	20.08%	59	62
BARNES	218,241	63,901	29.28%	60	110
ROBERTS	376,774	62,997	16.72%	61	50
REED	277,030	62,692	22.63%	62	73
WOODS	177,425	62,631	35.30%	63	144
DIXON	159,480	62,612	39.26%	64	167
GRAY	246,116	61,849	25.13%	65	87
PHILLIPS	360,802	61,661	17.09%	66	52
GRIFFIN	198,406	61,129	30.81%	67	122
BAILEY	277,845	61,126	22.00%	68	72
POWELL	224,874	60,986	27.12%	69	101
BAKER	419,586	60,588	14.44%	70	44
FORD	184,832	59,146	32.00%	71	137
HOLMES	156,780	58,448	37.28%	72	171
BANKS	105,833	57,690	54.51%	73	292
DANIELS	146,570	56,488	38.54%	74	187
ROSS	229,368	56,103	24.46%	75	98
ROGERS	302,261	56,009	18.53%	76	66
PERRY	221,741	55,879	25.20%	77	103
PATTERSON	205,423	55,053	26.80%	78	117
JOSEPH	100,959	54,710	54.19%	79	313
FOSTER	227,764	54,527	23.94%	80	99
GRANT	142,277	53,937	37.91%	81	196
HUNTER	162,440	53,102	32.69%	82	160
HENRY	170,964	52,452	30.68%	83	149
OWENS	182,719	51,910	28.41%	84	140
MARSHALL	183,922	50,597	27.51%	85	139
MORGAN	286,280	49,441	17.27%	86	69
WALLACE	197,276	48,727	24.70%	87	123
GRAHAM	201,159	48,258	23.99%	88	120
PRICE	235,251	48,250	20.51%	89	91
WARD	260,464	48,186	18.50%	90	79
HAYES	194,246	47,959	24.69%	91	127
FREEMAN	169,149	47,937	28.34%	92	151
HAMILTON	201,746	47,834	23.71%	93	119
BOYD	153,469	47,222	30.77%	94	176
GORDON	161,833	47,174	29.15%	95	161
FRANKLIN	120,621	46,753	38.76%	96	251
HAWKINS	139,751	45,768	32.75%	97	200
SIMS	113,374	45,225	39.89%	98	270
ELLIS	188,968	44,351	23.47%	99	131
HARRISON	181,091	44,277	24.45%	100	141
BENNETT	247,599	43,404	17.53%	101	86
KELLY	267,394	43,371	16.22%	102	74
HICKS	158,320	42,556	26.88%	103	170
CRAWFORD	164,457	42,183	25.65%	104	156
GIBSON	190,667	41,527	21.78%	105	130
PORTER	163,054	41,416	25.40%	106	159
WATKINS	127,083	41,010	32.27%	107	240
JEFFERSON	55,179	40,965	74.24%	108	615
TUCKER	167,446	40,472	24.17%	109	153
WILLIS	130,152	40,438	31.07%	110	230
MATTHEWS	131,303	40,271	30.67%	111	226
MASON	160,213	40,213	25.10%	112	166
FIELDS	107,522	38,471	35.78%	113	288
HUGHES	236,271	38,111	16.13%	114	90
COOK	302,589	37,975	12.55%	115	65
REID	111,360	37,974	34.10%	116	275
SIMPSON	163,181	37,678	23.09%	117	158
HUDSON	134,963	37,007	27.42%	118	214
RUSSELL	221,558	36,978	16.69%	119	104
COLE	195,289	36,890	18.89%	120	126
WARREN	152,147	36,424	23.94%	121	181
WEST	195,818	36,187	18.48%	122	125
MURRAY	184,910	35,669	19.29%	123	136
MURPHY	308,417	35,560	11.53%	124	64
WELLS	176,230	35,246	20.00%	125	147
DOUGLAS	101,458	35,175	34.67%	126	311
MACK	71,056	34,860	49.06%	127	468
FRAZIER	92,152	34,428	37.36%	128	335
BRADLEY	136,720	34,303	25.09%	129	208
SHAW	160,400	33,989	21.19%	130	164
GREENE	126,101	33,467	26.54%	131	241
HARPER	124,461	32,634	26.22%	132	245
SPENCER	139,951	32,497	23.22%	133	199
CHARLES	61,211	32,417	52.96%	134	548
PERKINS	131,440	32,334	24.60%	135	223
PAYNE	142,601	32,271	22.63%	136	195
WEBB	168,878	32,222	19.08%	137	152
BYRD	92,904	32,135	34.59%	138	331
LAWRENCE	129,699	31,971	24.65%	139	232
OLIVER	115,900	31,815	27.45%	140	264
ROBERTSON	153,666	31,671	20.61%	141	175
COX	261,231	31,531	12.07%	142	78
MCDONALD	180,497	31,190	17.28%	143	143
AUSTIN	119,706	31,136	26.01%	144	253
BERRY	132,812	30,693	23.11%	145	222
LOVE	82,873	30,688	37.03%	146	385
MONTGOMERY	115,953	30,414	26.23%	147	263
BURTON	110,529	29,909	27.06%	148	280
MCCOY	110,744	29,580	26.71%	149	278
KNIGHT	136,713	29,544	21.61%	150	209
PIERRE	33,913	29,416	86.74%	151	1,026
BLACK	154,738	29,400	19.00%	152	174
STEPHENS	144,646	29,378	20.31%	153	190
NEAL	91,694	29,195	31.84%	154	337
PALMER	156,601	29,081	18.57%	155	172
HARVEY	115,662	28,915	25.00%	156	266
ANDREWS	133,799	28,874	21.58%	157	218
CUNNINGHAM	135,718	28,745	21.18%	158	211
HAYNES	85,974	28,535	33.19%	159	366
RILEY	133,872	28,475	21.27%	160	217
ARMSTRONG	135,044	28,373	21.01%	161	213
WADE	97,040	28,219	29.08%	162	319
FERGUSON	146,426	28,099	19.19%	163	188
PETERSON	278,297	28,080	10.09%	164	71
HAMPTON	69,472	27,997	40.30%	165	482
GLOVER	66,858	27,900	41.73%	166	501
LONG	229,374	27,754	12.10%	167	97
GARDNER	142,894	27,721	19.40%	168	194
MILES	84,942	27,479	32.35%	169	368
TATE	71,058	27,244	38.34%	170	467
CHAMBERS	94,988	27,072	28.50%	171	326
GARRETT	110,697	27,065	24.45%	172	279
HUNT	158,421	26,821	16.93%	173	169
SINGLETON	54,621	26,557	48.62%	174	622
REYNOLDS	200,247	26,453	13.21%	175	121
HINES	71,717	26,342	36.73%	176	462
CURRY	74,919	26,169	34.93%	177	436
HARDY	80,252	25,953	32.34%	178	399
LITTLE	105,936	25,700	24.26%	179	291
MOSLEY	47,963	25,497	53.16%	180	730
MILLS	151,942	25,481	16.77%	181	182
FISHER	214,703	25,313	11.79%	182	112
WALTON	73,854	25,258	34.20%	183	446
RICE	149,500	25,026	16.74%	184	184
CARR	119,076	24,792	20.82%	185	255
LAWSON	119,053	24,692	20.74%	186	256
CALDWELL	93,944	24,595	26.18%	187	327
ALSTON	30,693	24,502	79.83%	188	1,148
MYERS	229,895	24,231	10.54%	189	96
KENNEDY	176,865	24,107	13.63%	190	146
ROBERSON	56,180	24,034	42.78%	191	605
BOOKER	36,840	24,027	65.22%	192	941
TERRY	87,000	23,786	27.34%	193	361
GEORGE	128,625	23,744	18.46%	194	235
FRANCIS	78,327	23,733	30.30%	195	413
HOUSTON	56,900	23,608	41.49%	196	592
MCGEE	74,542	23,503	31.53%	197	439
DUNCAN	135,187	23,428	17.33%	198	212
RAY	133,171	23,358	17.54%	199	220
BURNS	165,925	23,329	14.06%	200	155
PERSON	67,411	23,264	34.51%	201	496
FULLER	110,116	23,190	21.06%	202	281
FLOWERS	57,549	23,181	40.28%	203	578
PEARSON	101,836	22,923	22.51%	204	308
WATTS	89,649	22,878	25.52%	205	348
INGRAM	69,345	22,870	32.98%	206	484
DORSEY	43,631	22,758	52.16%	207	793
THORNTON	83,967	22,738	27.08%	208	373
STEVENSON	75,169	22,694	30.19%	209	432
LANE	134,227	22,658	16.88%	210	216
GAINES	43,821	22,226	50.72%	211	788
STOKES	61,639	22,190	36.00%	212	542
WARE	49,316	22,133	44.88%	213	700
PARKS	88,586	22,067	24.91%	214	354
STEVENS	185,674	21,947	11.82%	215	135
CLARKE	68,281	21,918	32.10%	216	487
DENNIS	78,482	21,849	27.84%	217	409
DAWSON	83,182	21,528	25.88%	218	380
MCKINNEY	83,616	21,055	25.18%	219	377
HOLLOWAY	58,040	20,935	36.07%	220	576
REESE	73,919	20,875	28.24%	221	445
HORTON	85,195	20,702	24.30%	222	367
JENNINGS	89,700	20,685	23.06%	223	347
FLEMING	90,677	20,638	22.76%	224	342
DANIEL	80,526	20,582	25.56%	225	396
TYLER	66,056	20,471	30.99%	226	509
BATTLE	26,432	20,435	77.31%	227	1,332
GRAVES	84,179	20,363	24.19%	228	371
DUNN	141,427	20,351	14.39%	229	197
WILLIAMSON	114,959	20,014	17.41%	230	267
HOPKINS	96,810	20,001	20.66%	231	322
VAUGHN	88,060	19,963	22.67%	232	356
LUCAS	107,690	19,933	18.51%	233	286
WIGGINS	50,247	19,918	39.64%	234	685
JACOBS	118,614	19,820	16.71%	235	257
CLAY	48,844	19,782	40.50%	236	708
SUTTON	90,964	19,739	21.70%	237	341
RIVERS	38,662	19,691	50.93%	238	897
FLOYD	66,454	19,411	29.21%	239	505
RICHARDS	130,529	19,397	14.86%	240	228
DEAN	114,030	19,180	16.82%	241	269
MALONE	71,286	19,083	26.77%	242	465
BEIL	59,463	19,076	32.08%	243	565
MOSS	76,908	19,004	24.71%	244	423
MCCRAY	28,024	18,897	67.43%	245	1,252
BUSH	84,018	18,854	22.44%	246	372
HART	137,184	18,712	13.64%	247	207
CHAPMAN	127,939	18,705	14.62%	248	236
SHELTON	90,517	18,683	20.64%	249	344
HAIL	86,240	18,628	21.60%	250	364
LOGAN	67,909	18,539	27.30%	251	492
ARNOLD	138,893	18,528	13.34%	252	201
ALI	60,002	18,427	30.71%	253	559
GIBBS	65,064	18,407	28.29%	254	515
MOHAMED	27,972	18,350	65.60%	255	1,257
TOWNSEND	69,360	18,325	26.42%	256	483
GILBERT	114,940	18,298	15.92%	257	268
SAUNDERS	69,943	18,269	26.12%	258	476
RHODES	90,670	18,170	20.04%	259	343
RODGERS	76,095	18,141	23.84%	260	428
HOLLAND	102,538	18,118	17.67%	261	305
SIMON	80,460	18,112	22.51%	262	397
BATES	95,622	18,073	18.90%	263	325
MORRISON	121,130	17,951	14.82%	264	250
WILKINS	58,634	17,919	30.56%	265	570
LOWE	92,260	17,852	19.35%	266	334
PIERCE	138,629	17,828	12.86%	267	202
ROSE	153,397	17,809	11.61%	268	177
MATHIS	54,217	17,702	32.65%	269	625
ANTHONY	55,114	17,598	31.93%	270	618
ELLIOTT	135,765	17,595	12.96%	271	210
CANNON	71,085	17,416	24.50%	272	466
FLETCHER	83,063	17,377	20.92%	273	382
NICHOLS	145,584	17,295	11.88%	274	189
PITTMAN	55,021	17,227	31.31%	275	619
MCKENZIE	59,595	17,062	28.63%	276	563
NORMAN	67,704	16,973	25.07%	277	495
GARNER	74,324	16,961	22.82%	278	442
HOWELL	112,041	16,896	15.08%	279	272
BENJAMIN	40,590	16,877	41.58%	280	850
GLENN	51,043	16,732	32.78%	281	669
BARNETT	95,681	16,715	17.47%	282	324
BOONE	53,792	16,681	31.01%	283	632
BLAKE	73,797	16,663	22.58%	284	447
WHEELER	125,058	16,620	13.29%	285	243
LINDSEY	63,760	16,399	25.72%	286	529
DICKERSON	51,889	16,381	31.57%	287	659
HUBBARD	70,362	16,289	23.15%	288	470
MCDANIEL	88,728	16,282	18.35%	289	352
LYONS	84,516	16,202	19.17%	290	369
BRANCH	35,225	16,168	45.90%	291	990
COBB	65,125	16,144	24.79%	292	514
MONROE	55,136	16,138	29.27%	293	617
CURTIS	101,801	16,125	15.84%	294	309
MAYS	40,408	16,034	39.68%	295	854
WOODARD	46,240	15,999	34.60%	296	750
MCCLAIN	48,165	15,943	33.10%	297	722
MUHAMMAD	19,076	15,806	82.86%	298	1,884
COPELAND	55,850	15,794	28.28%	299	609
BOLDEN	21,819	15,769	72.27%	300	1,649
SULLIVAN	220,990	15,757	7.13%	301	105
PAUL	78,256	15,753	20.13%	302	415
BRADFORD	54,015	15,718	29.10%	303	628
PAGE	82,992	15,710	18.93%	304	383
CUMMINGS	79,316	15,594	19.66%	305	403
PITTS	49,740	15,593	31.35%	306	693
LOUIS	23,738	15,548	65.50%	307	1,510
CHANDLER	79,186	15,544	19.63%	308	404
RANDOLPH	41,129	15,510	37.71%	309	840
COLLIER	56,380	15,442	27.39%	310	599
CARROLL	134,317	15,420	11.48%	311	215
MANNING	74,949	15,245	20.34%	312	434
KELLEY	140,693	15,195	10.80%	313	198
POPE	63,881	15,185	23.77%	314	528
TILLMAN	30,825	15,033	48.77%	315	1,139
SOLOMON	46,534	14,942	32.11%	316	745
WHITFIELD	29,962	14,885	49.68%	317	1,171
JEAN	21,140	14,857	70.28%	318	1,703
BULLOCK	44,740	14,746	32.96%	319	770
MOODY	64,429	14,728	22.86%	320	519
HODGES	70,223	14,677	20.90%	321	471
HARRELL	50,837	14,661	28.84%	322	671
STANLEY	96,867	14,627	15.10%	323	321
BURNETT	60,791	14,626	24.06%	324	554
BRIDGES	53,682	14,521	27.05%	325	635
BARBER	78,848	14,492	18.38%	326	406
HINTON	35,606	14,467	40.63%	327	979
NASH	58,714	14,455	24.62%	328	569
CLAYTON	56,638	14,426	25.47%	329	595
MCNEIL	34,368	14,414	41.94%	330	1,018
WEAVER	143,837	14,369	9.99%	331	192
WEBSTER	72,625	14,343	19.75%	332	453
PETERS	137,513	14,315	10.41%	333	205
BOWMAN	105,007	14,302	13.62%	334	296
CALHOUN	43,180	14,245	32.99%	335	803
WILKERSON	48,444	14,238	29.39%	336	719
GREGORY	91,384	14,219	15.56%	337	339
LLOYD	64,202	14,195	22.11%	338	522
CROSS	77,557	14,177	18.28%	339	420
COTTON	33,374	14,131	42.34%	340	1,044
WATERS	67,929	14,048	20.68%	341	491
MAXWELL	67,961	14,020	20.63%	342	490
CRAIG	92,507	14,015	15.15%	343	332
ONEAL	47,979	13,995	29.17%	344	729
BASS	57,044	13,993	24.53%	345	589
BENSON	86,081	13,980	16.24%	346	365
WILEY	48,720	13,973	28.68%	347	713
WOOD	250,715	13,965	5.57%	348	84
BALDWIN	80,742	13,928	17.25%	349	395
PATTON	66,293	13,855	20.90%	350	506
LYNCH	117,708	13,819	11.74%	351	259
TERRELL	35,408	13,806	38.99%	352	983
BURGESS	73,931	13,803	18.67%	353	444
ATKINS	51,671	13,781	26.67%	354	662
WHITAKER	56,616	13,775	24.33%	355	596
STEELE	88,230	13,764	15.60%	356	355
KNOX	44,742	13,682	30.58%	357	769
GILMORE	48,719	13,671	28.06%	358	714
NEWTON	74,092	13,648	18.42%	359	443
WINSTON	21,667	13,577	62.66%	360	1,662
REEVES	81,978	13,543	16.52%	361	390
MOSES	39,216	13,518	34.47%	362	887
BONNER	33,446	13,495	40.35%	363	1,042
FOWLER	104,515	13,472	12.89%	364	299
BLACKWELL	47,175	13,426	28.46%	365	741
BARRETT	100,104	13,414	13.40%	366	314
CHRISTIAN	54,198	13,316	24.57%	367	626
HODGE	52,920	13,188	24.92%	368	643
BEASLEY	47,693	13,173	27.62%	369	732
RUFFIN	16,324	13,124	80.40%	370	2,231
BREWER	103,318	13,059	12.64%	371	303
HAIRSTON	16,090	13,009	80.85%	372	2,260
HOLT	87,531	12,998	14.85%	373	358
POLK	27,094	12,994	47.96%	374	1,296
NORRIS	89,796	12,940	14.41%	375	346
RAMSEY	78,350	12,936	16.51%	376	412
RUCKER	26,581	12,881	48.46%	377	1,326
LEONARD	91,475	12,871	14.07%	378	338
POOLE	56,226	12,769	22.71%	379	604
HEARD	23,408	12,762	54.52%	380	1,534
HARMON	74,737	12,720	17.02%	381	438
CHERRY	35,877	12,718	35.45%	382	970
MCBRIDE	63,899	12,703	19.88%	383	527
RICHARD	53,893	12,643	23.46%	384	629
GOODWIN	72,451	12,476	17.22%	385	454
DAVENPORT	55,895	12,476	22.32%	386	608
PRINCE	47,168	12,476	26.45%	387	743
STONE	153,329	12,466	8.13%	388	178
GAMBLE	34,005	12,453	36.62%	389	1,024
JOYNER	29,884	12,450	41.66%	390	1,177
EPPS	20,112	12,443	61.87%	391	1,784
STARKS	20,130	12,436	61.78%	392	1,782
SAMUEL	23,125	12,395	53.60%	393	1,558
SMALL	40,212	12,389	30.81%	394	861
PATRICK	60,845	12,382	20.35%	395	552
DILLARD	31,021	12,346	39.80%	396	1,130
CARSON	56,872	12,324	21.67%	397	593
MCCALL	43,483	12,271	28.22%	398	794
CHATMAN	15,473	12,252	79.18%	399	2,355
MCDOWELL	49,217	12,235	24.86%	400	702
COVINGTON	27,068	12,229	45.18%	401	1,298
TOLBERT	24,375	12,168	49.92%	402	1,464
GREER	57,043	12,167	21.33%	403	590
FARMER	69,617	12,148	17.45%	404	480
ELLISON	42,827	12,129	28.32%	405	809
NIXON	38,147	12,051	31.59%	406	907
MIDDLETON	42,578	11,990	28.16%	407	813
TYSON	28,947	11,984	41.40%	408	1,221
MCKNIGHT	34,055	11,933	35.04%	409	1,023
SAMUELS	22,207	11,854	53.38%	410	1,621
BISHOP	116,618	11,825	10.14%	411	262
BALLARD	61,625	11,814	19.17%	412	544
SAMPSON	39,277	11,779	29.99%	413	886
STRONG	45,432	11,735	25.83%	414	760
MORTON	59,213	11,689	19.74%	415	568
MCLEAN	43,260	11,641	26.91%	416	801
STRICKLAND	67,769	11,629	17.16%	417	494
BURKS	27,523	11,623	42.23%	418	1,278
GOODMAN	73,136	11,577	15.83%	419	451
NICHOLSON	58,151	11,566	19.89%	420	575
CLEMONS	27,022	11,498	42.55%	421	1,300
BURRELL	24,504	11,495	46.91%	422	1,458
WYNN	29,417	11,487	39.05%	423	1,203
BLAIR	78,026	11,446	14.67%	424	416
MINOR	30,702	11,409	37.16%	425	1,145
FRANCOIS	14,593	11,388	78.04%	426	2,467
HUMPHREY	49,056	11,386	23.21%	427	705
WELCH	108,987	11,378	10.44%	428	284
MASSEY	55,595	11,352	20.42%	429	610
BUCHANAN	66,648	11,330	17.00%	430	503
WESLEY	23,135	11,325	48.95%	431	1,555
MCGHEE	23,461	11,311	48.21%	432	1,529
NEWMAN	101,931	11,294	11.08%	433	307
DUKES	22,187	11,253	50.72%	434	1,622
SMALLS	12,435	11,252	90.49%	435	2,888
SYKES	27,546	11,244	40.82%	436	1,276
POLLARD	35,749	11,222	31.39%	437	974
HAMMOND	69,515	11,185	16.09%	438	481
HOOD	55,174	11,123	20.16%	439	616
PUGH	39,559	11,104	28.07%	440	879
BLUE	24,341	11,097	45.59%	441	1,466
MCFADDEN	31,839	11,064	34.75%	442	1,098
GIVENS	25,067	11,062	44.13%	443	1,419
CARPENTER	129,898	11,028	8.49%	444	231
SPEARS	41,665	10,975	26.34%	445	830
DAY	105,091	10,972	10.44%	446	294
MADISON	28,411	10,876	38.28%	447	1,241
SIMMS	26,287	10,849	41.27%	448	1,340
BRIGGS	58,408	10,841	18.56%	449	572
MOBLEY	29,065	10,827	37.25%	450	1,215
BURKE	122,877	10,764	8.76%	451	246
NOEL	31,768	10,680	33.62%	452	1,103
WISE	68,649	10,675	15.55%	453	485
WHITEHEAD	44,373	10,663	24.03%	454	776
AHMED	48,319	10,640	22.02%	455	720
GILES	40,598	10,616	26.15%	456	849
MCNEAL	20,778	10,603	51.03%	457	1,723
MCCLENDON	18,857	10,556	55.98%	458	1,907
KEMP	46,146	10,535	22.83%	459	753
ROWE	69,879	10,524	15.06%	460	478
DAVIDSON	103,930	10,476	10.08%	461	301
GILL	74,948	10,463	13.96%	462	435
BLACKMON	22,130	10,454	47.24%	463	1,628
PAIGE	20,063	10,445	52.06%	464	1,789
RANDALL	54,764	10,443	19.07%	465	621
CONNER	64,572	10,441	16.17%	466	518
COLBERT	22,940	10,433	45.48%	467	1,570
PEOPLES	18,672	10,430	55.86%	468	1,935
WALLS	41,025	10,416	25.39%	469	842
ENGLISH	46,393	10,401	22.42%	470	748
JAMISON	27,697	10,384	37.49%	471	1,270
CAIN	60,948	10,361	17.00%	472	551
GARY	22,310	10,332	46.31%	473	1,612
MCMILLAN	40,237	10,317	25.64%	474	860
LOCKETT	14,140	10,095	71.39%	475	2,555
WALTERS	89,376	10,091	11.29%	476	350
MCINTOSH	42,379	10,086	23.80%	477	819
SLAUGHTER	27,155	10,066	37.07%	478	1,295
GATES	52,569	10,056	19.13%	479	648
GILLIAM	29,414	10,042	34.14%	480	1,204
MYLES	13,898	10,025	72.13%	481	2,591
BERNARD	38,512	9,948	25.83%	482	899
MIMS	19,139	9,941	51.94%	483	1,878
LOWERY	43,278	9,937	22.96%	484	799
RANDLE	14,437	9,931	68.79%	485	2,508
SHEPPARD	36,960	9,902	26.79%	486	938
DUDLEY	35,781	9,901	27.67%	487	972
MAY	103,306	9,886	9.57%	488	304
HALE	86,618	9,883	11.41%	489	362
ARRINGTON	22,840	9,869	43.21%	490	1,573
CAMERON	55,240	9,866	17.86%	491	614
DIGGS	14,467	9,848	68.07%	492	2,497
GOLDEN	49,360	9,798	19.85%	493	699
GRIMES	50,245	9,793	19.49%	494	686
SAVAGE	49,914	9,768	19.57%	495	690
TODD	71,759	9,745	13.58%	496	460
CROSBY	40,563	9,743	24.02%	497	851
EVERETT	39,593	9,736	24.59%	498	876
WYATT	52,211	9,727	18.63%	499	653
MCCULLOUGH	45,852	9,707	21.17%	500	755
PRATT	61,671	9,676	15.69%	501	541
PRESTON	47,367	9,663	20.40%	502	736
SHEPHERD	60,479	9,640	15.94%	503	557
MILTON	20,703	9,631	46.52%	504	1,732
HARDEN	26,617	9,548	35.87%	505	1,322
PRUITT	44,365	9,538	21.50%	506	777
PRYOR	27,805	9,462	34.03%	507	1,263
BENTON	37,912	9,459	24.95%	508	912
BEARD	48,207	9,453	19.61%	509	721
PAYTON	23,670	9,451	39.93%	510	1,515
DAWKINS	15,431	9,438	61.16%	511	2,363
BOWEN	78,822	9,427	11.96%	512	407
ALFORD	30,771	9,410	30.58%	513	1,140
VALENTINE	40,395	9,408	23.29%	514	856
SHIELDS	50,832	9,404	18.50%	515	672
DURHAM	43,635	9,399	21.54%	516	792
BLOUNT	19,878	9,361	47.09%	517	1,803
WOODSON	17,242	9,312	54.01%	518	2,098
TATUM	24,558	9,307	37.90%	519	1,451
NORWOOD	22,461	9,294	41.38%	520	1,596
WALLER	36,805	9,256	25.15%	521	942
LAMBERT	93,678	9,255	9.88%	522	329
BELLAMY	17,167	9,251	53.89%	523	2,108
PICKETT	31,611	9,240	29.23%	524	1,108
FOX	152,334	9,231	6.06%	525	180
CALLOWAY	16,689	9,222	55.26%	526	2,175
BLAND	26,722	9,155	34.26%	527	1,315
ERVIN	25,698	9,148	35.60%	528	1,377
MADDOX	36,250	9,142	25.22%	529	959
DRAKE	61,162	9,125	14.92%	530	549
HARGROVE	20,360	9,119	44.79%	531	1,764
ROLLINS	35,132	9,117	25.95%	532	992
HOGAN	63,085	9,109	14.44%	533	536
MCNAIR	16,595	9,086	54.75%	534	2,191
NEWSOME	23,958	9,075	37.88%	535	1,491
AVERY	39,564	9,072	22.93%	536	878
HORNE	37,689	9,057	24.03%	537	921
ODOM	35,020	9,053	25.85%	538	996
BOND	50,610	9,049	17.88%	539	679
HUTCHINSON	48,781	9,020	18.49%	540	710
BETHEA	12,061	9,017	74.76%	541	2,972
HAYWOOD	18,360	9,011	49.08%	542	1,970
HOLLEY	30,231	9,009	29.80%	543	1,163
SHANNON	46,147	9,003	19.51%	544	752
WOOTEN	31,249	8,993	28.78%	545	1,123
MERRITT	45,594	8,968	19.67%	546	756
RICKS	18,506	8,914	48.17%	547	1,950
YATES	63,254	8,900	14.07%	548	535
BRAXTON	12,268	8,886	72.43%	549	2,921
GIPSON	19,470	8,872	45.57%	550	1,843
FELDER	13,257	8,870	66.91%	551	2,714
DOTSON	33,347	8,827	26.47%	552	1,045
LIVINGSTON	42,103	8,795	20.89%	553	821
CHILDS	28,359	8,749	30.85%	554	1,242
BOYKIN	17,255	8,709	50.47%	555	2,096
MAYFIELD	29,805	8,691	29.16%	556	1,184
HIGHTOWER	20,065	8,664	43.18%	557	1,787
CONLEY	55,917	8,606	15.39%	558	607
LOCKHART	27,883	8,596	30.83%	559	1,261
HIGGINS	79,803	8,595	10.77%	560	400
LYLES	16,062	8,588	53.47%	561	2,265
WARNER	83,781	8,579	10.24%	562	375
UNDERWOOD	57,064	8,577	15.03%	563	588
GALLOWAY	34,909	8,542	24.47%	564	1,002
HERRING	38,733	8,541	22.05%	565	894
BEST	37,923	8,533	22.50%	566	911
TALLEY	30,014	8,524	28.40%	567	1,170
HASSAN	21,801	8,491	38.95%	568	1,652
BRUCE	53,419	8,488	15.89%	569	636
MAGEE	27,720	8,466	30.54%	570	1,269
RICHMOND	37,053	8,463	22.84%	571	934
SUMMERS	56,953	8,429	14.80%	572	591
STEWARD	22,318	8,427	37.76%	573	1,610
MORROW	56,840	8,367	14.72%	574	594
SHARP	78,990	8,341	10.56%	575	405
LESTER	44,784	8,330	18.60%	576	768
KENDRICK	27,915	8,294	29.71%	577	1,259
HARRINGTON	66,959	8,290	12.38%	578	500
KEYS	18,899	8,289	43.86%	579	1,900
HOLLIS	28,617	8,285	28.95%	580	1,233
RUSH	39,802	8,283	20.81%	581	869
OSBORNE	66,827	8,280	12.39%	582	502
MANN	83,510	8,267	9.90%	583	378
KEY	33,501	8,245	24.61%	584	1,037
WOMACK	28,201	8,192	29.05%	585	1,245
WITHERSPOON	13,171	8,177	62.08%	586	2,736
MAYES	25,256	8,168	32.34%	587	1,408
WILDER	31,018	8,167	26.33%	588	1,131
SHERMAN	70,502	8,157	11.57%	589	469
GRIFFITH	78,260	8,139	10.40%	590	414
EDMONDS	24,857	8,136	32.73%	591	1,432
SKINNER	54,046	8,123	15.03%	592	627
DONALDSON	36,558	8,087	22.12%	593	950
HOLMAN	32,788	8,046	24.54%	594	1,069
FINLEY	37,672	8,043	21.35%	595	922
BYNUM	16,166	8,035	49.70%	596	2,251
GASTON	19,502	8,025	41.15%	597	1,837
CLEVELAND	31,123	8,024	25.78%	598	1,127
KIRKLAND	30,283	7,974	26.33%	599	1,161
GRIER	13,868	7,962	57.41%	600	2,600
DUNBAR	26,405	7,948	30.10%	601	1,335
ASHLEY	38,499	7,931	20.60%	602	900
BALL	66,059	7,927	12.00%	603	508
MATHEWS	51,592	7,925	15.36%	604	663
SPENCE	36,129	7,854	21.74%	605	964
LOFTON	13,900	7,849	56.47%	606	2,590
HESTER	35,642	7,820	21.94%	607	976
MAYO	35,228	7,814	22.18%	608	989
ADDISON	18,169	7,804	42.95%	609	1,986
DARDEN	13,414	7,769	57.92%	610	2,683
FOREMAN	28,605	7,761	27.13%	611	1,234
BRIGHT	33,281	7,754	23.30%	612	1,050
HOOKS	17,053	7,727	45.31%	613	2,125
HATCHER	29,235	7,706	26.36%	614	1,210
GROSS	74,503	7,704	10.34%	615	440
CROCKETT	23,769	7,687	32.34%	616	1,507
HICKMAN	41,163	7,681	18.66%	617	838
PROCTOR	35,636	7,680	21.55%	618	977
BRUNSON	17,099	7,679	44.91%	619	2,115
HOUSE	41,000	7,667	18.70%	620	844
ARTIS	9,656	7,660	79.33%	621	3,682
BRANDON	26,284	7,649	29.10%	622	1,342
DOZIER	16,091	7,642	47.49%	623	2,259
DUNLAP	39,063	7,625	19.52%	624	890
CRENSHAW	18,096	7,624	42.13%	625	1,995
CHANEY	33,201	7,620	22.95%	626	1,059
CAREY	56,322	7,615	13.52%	627	601
FORBES	33,813	7,611	22.51%	628	1,028
BOWERS	66,003	7,610	11.53%	629	511
SELLERS	42,577	7,596	17.84%	630	814
BRANTLEY	21,395	7,591	35.48%	631	1,684
ISAAC	18,903	7,578	40.09%	632	1,898
HOBBS	48,522	7,540	15.54%	633	717
HOLLINS	10,213	7,538	73.81%	634	3,499
MCRAE	18,156	7,518	41.41%	635	1,987
HENDRICKS	43,197	7,516	17.40%	636	802
PARHAM	15,846	7,513	47.41%	637	2,302
MACKEY	30,749	7,512	24.43%	638	1,143
MARSH	62,304	7,501	12.04%	639	537
LOTT	26,174	7,491	28.62%	640	1,350
PENN	19,409	7,472	38.50%	641	1,849
MCPHERSON	36,125	7,463	20.66%	642	965
HEATH	51,877	7,460	14.38%	643	660
ATKINSON	53,376	7,451	13.96%	644	637
JEANBAPTISTE	7,915	7,443	94.04%	645	4,483
HUFF	55,484	7,440	13.41%	646	612
CRUMP	20,737	7,418	35.77%	647	1,727
MCLEOD	30,769	7,412	24.09%	648	1,141
VINCENT	53,095	7,407	13.95%	649	641
DUPREE	16,794	7,399	44.06%	650	2,161
RAINEY	23,291	7,397	31.76%	651	1,545
BROUSSARD	26,971	7,382	27.37%	652	1,302
STERLING	25,894	7,377	28.49%	653	1,362
MANUEL	27,529	7,375	26.79%	654	1,277
FULTON	32,258	7,352	22.79%	655	1,083
TRAVIS	34,985	7,350	21.01%	656	998
VINSON	25,341	7,331	28.93%	657	1,401
PETTY	34,882	7,322	20.99%	658	1,005
LINDSAY	33,255	7,316	22.00%	659	1,052
SCALES	13,190	7,314	55.45%	660	2,732
ANTOINE	9,493	7,299	76.89%	661	3,734
MCQUEEN	19,760	7,262	36.75%	662	1,814
GLASS	41,802	7,253	17.35%	663	823
MCGILL	27,330	7,251	26.53%	664	1,282
FELTON	16,044	7,221	45.01%	665	2,266
GOODE	22,356	7,212	32.26%	666	1,605
GAY	32,025	7,209	22.51%	667	1,094
GUY	28,852	7,207	24.98%	668	1,227
BROCK	61,369	7,205	11.74%	669	546
TONEY	18,787	7,195	38.30%	670	1,919
DIALLO	7,502	7,175	95.64%	671	4,730
WILLIAM	13,373	7,171	53.62%	672	2,694
GRAYSON	16,946	7,156	42.23%	673	2,138
MCINTYRE	43,842	7,133	16.27%	674	786
MELTON	50,069	7,110	14.20%	675	688
SINGLETARY	13,749	7,099	51.63%	676	2,622
JOHN	33,543	7,054	21.03%	677	1,034
PARRISH	49,733	7,052	14.18%	678	694
KEITH	48,487	7,040	14.52%	679	718
COLES	14,449	7,038	48.71%	680	2,505
GOODEN	11,335	7,027	61.99%	681	3,190
BOWENS	9,188	7,002	76.21%	682	3,861
STAFFORD	46,394	6,992	15.07%	683	747
BRADSHAW	42,465	6,973	16.42%	684	818
LACY	23,110	6,968	30.15%	685	1,559
JEFFRIES	23,510	6,961	29.61%	686	1,526
HOLDER	33,465	6,951	20.77%	687	1,040
BUTTS	23,227	6,926	29.82%	688	1,548
AMOS	23,621	6,921	29.30%	689	1,517
ALLISON	52,701	6,904	13.10%	690	646
MAJOR	20,977	6,889	32.84%	691	1,714
MARKS	49,177	6,880	13.99%	692	703
BOLTON	32,815	6,871	20.94%	693	1,068
STALLWORTH	8,155	6,851	84.01%	694	4,357
GANT	14,167	6,848	48.34%	695	2,550
SHARPE	28,879	6,847	23.71%	696	1,226
CROWDER	24,396	6,838	28.03%	697	1,460
BARKER	87,162	6,825	7.83%	698	360
BAXTER	49,033	6,801	13.87%	699	706
GUILLORY	15,161	6,797	44.83%	700	2,391
HARDIN	42,469	6,795	16.00%	701	817
EDMOND	9,369	6,794	72.52%	702	3,777
WINTERS	44,914	6,773	15.08%	703	766
MCMILLIAN	11,765	6,750	57.37%	704	3,043
JETER	13,198	6,748	51.13%	705	2,729
SWAIN	25,157	6,740	26.79%	706	1,412
ASKEW	13,683	6,738	49.24%	707	2,634
BRYAN	57,143	6,737	11.79%	708	585
FERRELL	33,418	6,737	20.16%	709	1,043
ECHOLS	14,456	6,731	46.56%	710	2,501
SHEPARD	39,430	6,723	17.05%	711	882
COLEY	15,671	6,717	42.86%	712	2,326
ABDI	7,484	6,713	89.70%	713	4,738
ROUSE	26,519	6,704	25.28%	714	1,330
SNEED	17,804	6,693	37.59%	715	2,027
SAWYER	49,028	6,678	13.62%	716	707
ORR	44,388	6,658	15.00%	717	774
STEPHENSON	47,641	6,651	13.96%	718	733
FITZGERALD	75,356	6,646	8.82%	719	430
BAPTISTE	8,915	6,624	74.30%	720	3,983
SPARKS	63,440	6,617	10.43%	721	533
BUCKNER	24,822	6,580	26.51%	722	1,434
BRITT	31,474	6,578	20.90%	723	1,115
PACE	39,879	6,576	16.49%	724	868
DUMAS	17,442	6,563	37.63%	725	2,076
DAVID	44,040	6,544	14.86%	726	782
BONDS	13,620	6,536	47.99%	727	2,643
MCKOY	7,820	6,511	83.26%	728	4,535
MCGOWAN	33,340	6,501	19.50%	729	1,046
FOUNTAIN	20,193	6,500	32.19%	730	1,774
MCCLOUD	15,783	6,484	41.08%	731	2,313
KIDD	33,186	6,471	19.50%	732	1,060
ETIENNE	7,867	6,467	82.20%	733	4,510
BOSTON	15,814	6,462	40.86%	734	2,309
MCFARLAND	41,300	6,459	15.64%	735	835
SANFORD	36,312	6,456	17.78%	736	957
ROYAL	15,755	6,433	40.83%	737	2,319
SEALS	15,858	6,430	40.55%	738	2,299
EASON	17,714	6,425	36.27%	739	2,031
QUINN	76,986	6,421	8.34%	740	422
ABRAHAM	31,303	6,411	20.48%	741	1,120
RANSOM	16,871	6,408	37.98%	742	2,150
TROTTER	19,927	6,399	32.11%	743	1,801
LANG	61,529	6,387	10.38%	744	545
SPANN	12,457	6,384	51.25%	745	2,882
KIMBLE	18,040	6,381	35.37%	746	2,003
STINSON	26,681	6,358	23.83%	747	1,317
PLUMMER	25,596	6,320	24.69%	748	1,382
MEADOWS	44,500	6,306	14.17%	749	773
PICKENS	16,577	6,304	38.03%	750	2,195
ROACH	45,019	6,298	13.99%	751	764
CARRINGTON	13,320	6,276	47.12%	752	2,706
REDMOND	21,834	6,266	28.70%	753	1,647
FAISON	8,320	6,254	75.17%	754	4,267
HAWTHORNE	16,758	6,174	36.84%	755	2,167
LEACH	44,581	6,170	13.84%	756	772
GRIGGS	24,819	6,163	24.83%	757	1,437
HILLIARD	20,377	6,154	30.20%	758	1,756
REAVES	15,550	6,138	39.47%	759	2,344
HOLDEN	34,824	6,136	17.62%	760	1,008
LONDON	16,195	6,135	37.88%	761	2,249
DUBOSE	13,120	6,120	46.65%	762	2,748
GUNN	23,524	6,112	25.98%	763	1,525
WHITLEY	26,732	6,108	22.85%	764	1,313
DARBY	18,757	6,105	32.55%	765	1,921
VANCE	47,324	6,095	12.88%	766	737
SMILEY	19,829	6,095	30.74%	767	1,812
GRADY	26,103	6,090	23.33%	768	1,355
IRVING	14,896	6,070	40.75%	769	2,433
BOWIE	11,786	6,052	51.35%	770	3,039
HUGGINS	22,371	6,042	27.01%	771	1,602
ARMSTEAD	7,919	6,033	76.18%	772	4,480
JOHNS	47,246	6,033	12.77%	773	739
STOVALL	16,827	6,012	35.73%	774	2,155
MEEKS	29,457	6,012	20.41%	775	1,202
DRAYTON	7,648	6,005	78.52%	776	4,640
NOBLE	41,667	6,000	14.40%	777	829
SLOAN	43,261	5,992	13.85%	778	800
CHASE	52,481	5,978	11.39%	779	649
DICKSON	35,312	5,964	16.89%	780	986
STUBBS	20,134	5,960	29.60%	781	1,781
EWING	33,314	5,960	17.89%	782	1,049
DENSON	12,419	5,942	47.85%	783	2,893
TOLLIVER	12,128	5,927	48.87%	784	2,958
RODRIGUEZ	1,094,924	5,913	0.54%	785	9
HERRON	26,559	5,912	22.26%	786	1,328
GILLESPIE	42,693	5,909	13.84%	787	811
KAMARA	6,288	5,905	93.91%	788	5,530
ADKINS	73,599	5,903	8.02%	789	449
CHAVIS	14,844	5,895	39.71%	790	2,442
SHORT	57,477	5,886	10.24%	791	581
YARBROUGH	24,749	5,873	23.73%	792	1,441
WILCOX	56,286	5,865	10.42%	793	602
KIMBROUGH	12,034	5,862	48.71%	794	2,978
COATES	23,725	5,848	24.65%	795	1,512
BATISTE	6,640	5,837	87.91%	796	5,253
FREDERICK	41,394	5,824	14.07%	797	833
LANIER	20,997	5,820	27.72%	798	1,712
MICHEL	25,578	5,806	22.70%	799	1,383
LOVETT	19,471	5,798	29.78%	800	1,842
RIDDICK	8,464	5,788	68.38%	801	4,187
BRITTON	29,040	5,764	19.85%	802	1,217
SPIVEY	21,161	5,760	27.22%	803	1,702
WESTON	25,637	5,756	22.45%	804	1,380
GOINS	22,837	5,750	25.18%	805	1,574
KIRK	54,394	5,744	10.56%	806	623
RAGLAND	12,816	5,736	44.76%	807	2,815
BROWNE	22,289	5,728	25.70%	808	1,615
JARRETT	21,821	5,721	26.22%	809	1,648
MCNEILL	19,152	5,717	29.85%	810	1,875
GORE	25,648	5,714	22.28%	811	1,378
REDD	13,119	5,707	43.50%	812	2,749
LITTLEJOHN	12,047	5,703	47.34%	813	2,976
HENDRIX	35,194	5,694	16.18%	814	991
GRACE	28,098	5,693	20.26%	815	1,248
NEELY	23,843	5,677	23.81%	816	1,502
ROBBINS	78,381	5,675	7.24%	817	410
BRINSON	12,303	5,662	46.02%	818	2,912
ABRAMS	25,534	5,653	22.14%	819	1,387
DAILEY	32,719	5,641	17.24%	820	1,072
DICKENS	18,123	5,640	31.12%	821	1,990
THURMAN	23,950	5,638	23.54%	822	1,492
BARKSDALE	10,294	5,632	54.71%	823	3,472
MCDUFFIE	10,125	5,631	55.61%	824	3,526
FAULKNER	36,466	5,630	15.44%	825	952
AKINS	17,868	5,619	31.45%	826	2,020
BELTON	9,041	5,611	62.06%	827	3,939
COOLEY	33,231	5,606	16.87%	828	1,054
MALLORY	17,578	5,595	31.83%	829	2,048
GARRISON	50,686	5,586	11.02%	830	677
BURCH	36,269	5,567	15.35%	831	958
DENT	14,873	5,564	37.41%	832	2,436
IRVIN	21,263	5,552	26.11%	833	1,695
MOHAMMED	15,132	5,549	36.67%	834	2,395
MCCAIN	19,032	5,533	29.07%	835	1,888
THORPE	21,813	5,532	25.36%	836	1,651
CONWAY	44,320	5,527	12.47%	837	779
PRESSLEY	13,281	5,525	41.60%	838	2,713
TIMMONS	20,671	5,519	26.70%	839	1,734
TOUSSAINT	7,441	5,496	73.86%	840	4,759
CHRISTOPHER	29,067	5,494	18.90%	841	1,214
HOSKINS	24,581	5,491	22.34%	842	1,449
BACON	29,860	5,482	18.36%	843	1,181
RAYMOND	40,275	5,481	13.61%	844	857
POTTS	38,277	5,477	14.31%	845	902
COOKS	6,157	5,467	88.79%	846	5,640
NANCE	24,018	5,454	22.71%	847	1,487
FAIR	18,609	5,441	29.24%	848	1,942
SINCLAIR	27,243	5,432	19.94%	849	1,290
BARTON	68,233	5,431	7.96%	850	488
MELVIN	20,008	5,430	27.14%	851	1,795
HARDING	39,787	5,427	13.64%	852	871
SEWELL	22,294	5,402	24.23%	853	1,614
HERBERT	26,417	5,402	20.45%	854	1,334
TRIPLETT	18,408	5,392	29.29%	855	1,965
SCRUGGS	15,808	5,386	34.07%	856	2,310
COCHRAN	59,350	5,371	9.05%	857	567
DYER	47,170	5,359	11.36%	858	742
FRANK	67,304	5,357	7.96%	859	499
BOOTH	49,402	5,355	10.84%	860	697
TANNER	48,813	5,340	10.94%	861	709
BEVERLY	11,978	5,339	44.57%	862	2,992
CORBIN	26,876	5,335	19.85%	863	1,307
COHEN	89,091	5,319	5.97%	864	351
PINKNEY	6,378	5,316	83.35%	865	5,456
BRISCOE	13,728	5,304	38.64%	866	2,629
HOLLIDAY	20,491	5,303	25.88%	867	1,748
MCLAUGHLIN	74,816	5,297	7.08%	868	437
BOYCE	26,376	5,291	20.06%	869	1,337
HANDY	14,537	5,289	36.38%	870	2,482
BRICE	11,697	5,274	45.09%	871	3,067
IVEY	23,263	5,271	22.66%	872	1,546
IVORY	7,201	5,270	73.18%	873	4,893
PIERRELOUIS	5,653	5,267	93.17%	874	6,070
HAYDEN	37,451	5,262	14.05%	875	930
PURNELL	8,441	5,252	62.22%	876	4,197
COOKE	33,223	5,249	15.80%	877	1,056
GARCIA	1,166,120	5,248	0.45%	878	6
MCKAY	38,681	5,245	13.56%	879	895
ARCHIE	7,035	5,244	74.54%	880	4,990
HANNAH	20,138	5,240	26.02%	881	1,779
ALEXIS	6,915	5,236	75.72%	882	5,070
SINGH	116,749	5,230	4.48%	883	260
BOWDEN	24,560	5,229	21.29%	884	1,450
GENTRY	43,027	5,228	12.15%	885	806
TRAYLOR	13,341	5,211	39.06%	886	2,701
IVY	13,524	5,209	38.52%	887	2,667
GABRIEL	26,578	5,209	19.60%	888	1,327
AUGUSTIN	7,788	5,206	66.85%	889	4,550
MCLAURIN	8,045	5,196	64.59%	890	4,414
MARTINEZ	1,060,159	5,195	0.49%	891	10
RIGGINS	12,218	5,188	42.46%	892	2,934
FRENCH	63,991	5,183	8.10%	893	525
HENSON	48,013	5,181	10.79%	894	728
BARR	44,130	5,181	11.74%	895	781
SMART	25,528	5,172	20.26%	896	1,388
BUFORD	9,089	5,170	56.88%	897	3,907
LAMB	59,913	5,165	8.62%	898	561
DRUMMOND	17,922	5,165	28.82%	899	2,014
RUTLEDGE	26,887	5,165	19.21%	900	1,306
DONALD	12,367	5,162	41.74%	901	2,899
LOMAX	9,789	5,157	52.68%	902	3,627
TOLIVER	7,536	5,157	68.43%	903	4,708
PRINGLE	13,115	5,153	39.29%	904	2,750
SUGGS	13,585	5,145	37.87%	905	2,652
EASLEY	16,459	5,125	31.14%	906	2,212
REDDICK	9,785	5,110	52.22%	907	3,628
OVERTON	18,820	5,098	27.09%	908	1,914
IRBY	11,506	5,085	44.19%	909	3,138
BLACKMAN	14,278	5,080	35.58%	910	2,535
WILLS	28,219	5,077	17.99%	911	1,244
JOINER	16,349	5,076	31.05%	912	2,228
HENLEY	20,934	5,066	24.20%	913	1,717
HOPSON	12,180	5,063	41.57%	914	2,946
SHORTER	8,675	5,045	58.16%	915	4,092
BEAN	37,571	5,042	13.42%	916	926
BRADY	73,145	5,040	6.89%	917	450
PHELPS	52,044	5,038	9.68%	918	657
NEWELL	32,909	5,028	15.28%	919	1,064
ASHFORD	9,421	5,023	53.32%	920	3,760
DOSS	21,366	5,023	23.51%	921	1,687
VAUGHAN	38,830	5,021	12.93%	922	893
LAW	32,122	5,021	15.63%	923	1,089
HALEY	37,858	5,009	13.23%	924	917
QUARLES	9,780	5,008	51.21%	925	3,631
IBRAHIM	15,915	4,989	31.35%	926	2,290
LOPEZ	874,523	4,985	0.57%	927	12
BARRY	47,274	4,983	10.54%	928	738
BENTLEY	40,193	4,976	12.38%	929	862
CASEY	66,556	4,972	7.47%	930	504
HURT	21,037	4,969	23.62%	931	1,708
LIPSCOMB	12,948	4,968	38.37%	932	2,788
COMBS	54,257	4,954	9.13%	933	624
LANDRY	39,391	4,948	12.56%	934	884
CHEATHAM	12,852	4,939	38.43%	935	2,802
ELMORE	25,774	4,936	19.15%	936	1,369
SLATER	32,584	4,936	15.15%	937	1,075
COWAN	32,586	4,930	15.13%	938	1,074
KIRBY	53,767	4,925	9.16%	939	633
ROYSTER	8,056	4,922	61.10%	940	4,409
MULLINS	71,646	4,915	6.86%	941	463
WORTHY	8,795	4,911	55.84%	942	4,040
STANFORD	21,295	4,906	23.04%	943	1,692
DILLON	50,465	4,895	9.70%	944	683
LASSITER	13,066	4,891	37.43%	945	2,760
ARCHER	34,949	4,889	13.99%	946	1,000
BETTS	19,983	4,888	24.46%	947	1,799
LESLIE	25,078	4,883	19.47%	948	1,417
BRUMFIELD	11,842	4,880	41.21%	949	3,027
RATLIFF	30,083	4,879	16.22%	950	1,168
HURST	46,244	4,869	10.53%	951	749
PRITCHETT	19,334	4,866	25.17%	952	1,856
VANN	15,416	4,861	31.53%	953	2,366
RAWLS	11,679	4,858	41.60%	954	3,074
TINSLEY	15,442	4,843	31.36%	955	2,361
GAYLE	7,916	4,834	61.07%	956	4,481
MCCORMICK	63,649	4,831	7.59%	957	532
CANTY	8,047	4,828	60.00%	958	4,413
LEVY	37,228	4,828	12.97%	959	932
ROY	53,159	4,806	9.04%	960	640
PINCKNEY	6,800	4,796	70.53%	961	5,147
POINDEXTER	11,531	4,795	41.58%	962	3,129
RIDLEY	11,521	4,784	41.52%	963	3,133
NICHOLAS	27,922	4,780	17.12%	964	1,258
OUTLAW	8,901	4,774	53.63%	965	3,991
GADSON	5,291	4,773	90.21%	966	6,422
MCALLISTER	29,544	4,771	16.15%	967	1,197
HOOPER	34,247	4,767	13.92%	968	1,020
MOSBY	7,549	4,767	63.15%	969	4,699
MCKINLEY	24,000	4,766	19.86%	970	1,489
FINCH	30,769	4,757	15.46%	971	1,141
BUCKLEY	41,348	4,747	11.48%	972	834
WEATHERS	14,073	4,741	33.69%	973	2,568
BOSTIC	11,079	4,737	42.76%	974	3,259
POWERS	91,970	4,736	5.15%	975	336
HARLEY	12,186	4,733	38.84%	976	2,943
BURRIS	26,760	4,726	17.66%	977	1,312
MCCANTS	6,270	4,712	75.15%	978	5,542
SMALLWOOD	18,717	4,700	25.11%	979	1,926
GARLAND	26,779	4,697	17.54%	980	1,309
COBBS	6,565	4,688	71.41%	981	5,306
ELDER	29,796	4,684	15.72%	982	1,186
CREWS	24,219	4,672	19.29%	983	1,475
TARVER	9,341	4,670	49.99%	984	3,788
FORREST	22,954	4,669	20.34%	985	1,569
GODFREY	28,734	4,664	16.23%	986	1,230
WILKES	18,314	4,663	25.46%	987	1,975
MEANS	16,203	4,657	28.74%	988	2,247
MCCLURE	47,742	4,650	9.74%	989	731
CHAPPELL	23,634	4,644	19.65%	990	1,516
FELIX	40,165	4,643	11.56%	991	863
NESBITT	13,248	4,641	35.03%	992	2,717
HEMPHILL	13,495	4,631	34.32%	993	2,672
DODSON	37,566	4,624	12.31%	994	927
AYERS	39,623	4,620	11.66%	995	875
WESTBROOK	20,284	4,615	22.75%	996	1,770
KENT	44,325	4,614	10.41%	997	778
MURRELL	11,347	4,605	40.58%	998	3,185
CAPERS	5,759	4,603	79.93%	999	5,974
BARRON	52,070	4,598	8.83%	1,000	656
RICH	49,481	4,597	9.29%	1,001	696
LAMAR	11,733	4,586	39.09%	1,002	3,057
JEANLOUIS	4,891	4,586	93.76%	1,003	6,876
CASH	29,476	4,581	15.54%	1,004	1,200
CRAFT	31,452	4,579	14.56%	1,005	1,116
DURANT	12,428	4,576	36.82%	1,006	2,889
MUSE	12,571	4,575	36.39%	1,007	2,870
BURROUGHS	17,336	4,572	26.37%	1,008	2,087
HEAD	27,292	4,563	16.72%	1,009	1,285
MOON	45,528	4,562	10.02%	1,010	758
HINDS	15,337	4,555	29.70%	1,011	2,375
GEE	23,241	4,555	19.60%	1,012	1,547
RANKIN	28,821	4,554	15.80%	1,013	1,229
COSBY	10,300	4,550	44.17%	1,014	3,471
MICKENS	5,339	4,527	84.79%	1,015	6,377
HILTON	28,918	4,523	15.64%	1,016	1,223
BYERS	32,174	4,520	14.05%	1,017	1,087
EATON	47,184	4,511	9.56%	1,018	740
HORN	52,138	4,510	8.65%	1,019	655
BARROW	16,801	4,481	26.67%	1,020	2,159
LEMON	15,140	4,480	29.59%	1,021	2,393
CURRIE	17,234	4,479	25.99%	1,022	2,100
OSMAN	9,908	4,463	45.04%	1,023	3,590
ROUNDTREE	6,439	4,460	69.27%	1,024	5,405
MERCER	34,431	4,448	12.92%	1,025	1,016
ARTHUR	28,102	4,437	15.79%	1,026	1,247
BARLOW	33,335	4,434	13.30%	1,027	1,047
ALBERT	32,507	4,434	13.64%	1,028	1,076
SHELBY	12,303	4,432	36.02%	1,029	2,912
POSEY	20,263	4,427	21.85%	1,030	1,773
BROADNAX	4,983	4,427	88.84%	1,031	6,766
LANGSTON	19,742	4,424	22.41%	1,032	1,816
WALL	53,794	4,416	8.21%	1,033	631
CLINTON	16,263	4,415	27.15%	1,034	2,242
BATTS	8,473	4,412	52.07%	1,035	4,179
DALEY	24,901	4,410	17.71%	1,036	1,427
LUCKETT	7,790	4,384	56.28%	1,037	4,547
TRICE	8,546	4,374	51.18%	1,038	4,145
FRYE	36,973	4,374	11.83%	1,039	937
JACK	15,256	4,365	28.61%	1,040	2,382
HUTCHINS	26,251	4,363	16.62%	1,041	1,344
CARMICHAEL	19,628	4,353	22.18%	1,042	1,825
HOBSON	17,043	4,348	25.51%	1,043	2,128
BAH	4,690	4,348	92.71%	1,044	7,130
BILLUPS	6,475	4,346	67.12%	1,045	5,375
WEATHERSPOON	5,409	4,332	80.09%	1,046	6,310
RYAN	143,452	4,332	3.02%	1,047	193
DYSON	12,017	4,330	36.03%	1,048	2,984
NETTLES	11,302	4,329	38.30%	1,049	3,198
MURRY	10,140	4,328	42.68%	1,050	3,518
HASKINS	16,842	4,328	25.70%	1,051	2,154
FORTUNE	11,748	4,324	36.81%	1,052	3,051
NUNN	16,769	4,321	25.77%	1,053	2,164
SHERROD	8,420	4,309	51.18%	1,054	4,207
MCCLINTON	5,816	4,307	74.05%	1,055	5,925
GUYTON	8,191	4,302	52.52%	1,056	4,337
DALE	29,757	4,300	14.45%	1,057	1,188
PARSON	13,209	4,288	32.46%	1,058	2,727
EUBANKS	20,424	4,287	20.99%	1,059	1,755
SPEARMAN	8,199	4,286	52.27%	1,060	4,330
BELCHER	28,321	4,282	15.12%	1,061	1,243
BRAY	34,906	4,279	12.26%	1,062	1,003
MACON	7,008	4,277	61.03%	1,063	5,013
ABDULLAH	8,314	4,270	51.36%	1,064	4,272
ROLAND	19,311	4,268	22.10%	1,065	1,860
YORK	53,059	4,266	8.04%	1,066	642
SNOW	47,528	4,263	8.97%	1,067	734
CRAWLEY	12,523	4,254	33.97%	1,068	2,874
RUDOLPH	19,854	4,251	21.41%	1,069	1,808
BECK	93,786	4,249	4.53%	1,070	328
BROWNLEE	11,344	4,245	37.42%	1,071	3,186
MERRIWEATHER	4,793	4,243	88.52%	1,072	6,989
DREW	23,722	4,237	17.86%	1,073	1,513
MOTLEY	10,274	4,219	41.06%	1,074	3,480
DOYLE	74,458	4,214	5.66%	1,075	441
LACEY	18,691	4,211	22.53%	1,076	1,930
TOWNS	7,760	4,207	54.21%	1,077	4,569
GILCHRIST	12,825	4,207	32.80%	1,078	2,811
YOUNGBLOOD	18,197	4,204	23.10%	1,079	1,982
STATON	14,413	4,203	29.16%	1,080	2,514
HILLS	13,829	4,196	30.34%	1,081	2,608
COLVIN	22,499	4,196	18.65%	1,082	1,592
SPRUILL	7,683	4,189	54.52%	1,083	4,616
FARLEY	38,528	4,188	10.87%	1,084	898
PETTWAY	4,807	4,188	87.12%	1,085	6,976
NORTON	63,722	4,174	6.55%	1,086	531
AARON	16,276	4,168	25.61%	1,087	2,241
YANCEY	13,566	4,167	30.72%	1,088	2,656
HOPE	17,562	4,167	23.73%	1,089	2,052
COUNCIL	6,964	4,164	59.79%	1,090	5,037
GAITHER	10,790	4,162	38.57%	1,091	3,324
STANTON	35,997	4,161	11.56%	1,092	968
SAPP	20,448	4,153	20.31%	1,093	1,752
PATE	29,327	4,150	14.15%	1,094	1,208
OATES	12,202	4,147	33.99%	1,095	2,940
WEEKS	41,565	4,144	9.97%	1,096	831
STALLINGS	17,269	4,134	23.94%	1,097	2,093
HANKINS	21,532	4,134	19.20%	1,098	1,675
BURNEY	9,126	4,133	45.29%	1,099	3,888
DABNEY	7,376	4,133	56.03%	1,100	4,793
ROPER	20,065	4,131	20.59%	1,101	1,787
LUNDY	14,850	4,125	27.78%	1,102	2,439
TISDALE	10,293	4,121	40.04%	1,103	3,473
CRAYTON	5,709	4,118	72.13%	1,104	6,022
UPSHAW	7,401	4,116	55.61%	1,105	4,778
LASTER	9,202	4,106	44.62%	1,106	3,847
LUMPKIN	9,307	4,105	44.11%	1,107	3,805
BURT	26,475	4,101	15.49%	1,108	1,331
STROUD	24,211	4,099	16.93%	1,109	1,477
STREET	19,866	4,094	20.61%	1,110	1,805
BULLARD	23,755	4,088	17.21%	1,111	1,509
CHILDRESS	24,937	4,087	16.39%	1,112	1,424
CHESTER	15,066	4,086	27.12%	1,113	2,408
KEARNEY	20,706	4,081	19.71%	1,114	1,730
WINFIELD	8,230	4,074	49.50%	1,115	4,318
MCGUIRE	64,327	4,072	6.33%	1,116	521
WALDEN	24,821	4,061	16.36%	1,117	1,435
PLEASANT	7,378	4,052	54.92%	1,118	4,791
WAGNER	155,795	4,051	2.60%	1,119	173
FAIRLEY	6,398	4,044	63.21%	1,120	5,441
CADET	4,607	4,043	87.76%	1,121	7,240
THOMPKINS	5,732	4,031	70.32%	1,122	5,998
MENSAH	4,209	4,026	95.65%	1,123	7,863
KEYES	18,252	4,026	22.06%	1,124	1,979
LARRY	5,942	4,025	67.74%	1,125	5,817
DALTON	52,184	4,023	7.71%	1,126	654
WINN	22,316	4,017	18.00%	1,127	1,611
FRASER	25,961	4,016	15.47%	1,128	1,358
MYRICK	13,236	4,000	30.22%	1,129	2,720
CORNELIUS	20,160	3,994	19.81%	1,130	1,775
GARNETT	10,370	3,993	38.51%	1,131	3,445
HEYWARD	4,867	3,991	82.00%	1,132	6,904
FRIERSON	5,923	3,988	67.33%	1,133	5,838
WAITERS	19,853	3,977	20.03%	1,134	1,809
GASKINS	10,414	3,975	38.17%	1,135	3,428
WILBURN	14,928	3,975	26.63%	1,136	2,428
SLEDGE	8,019	3,957	49.35%	1,137	4,433
BREWSTER	19,564	3,952	20.20%	1,138	1,830
HURD	20,540	3,952	19.24%	1,139	1,743
WILLINGHAM	12,818	3,948	30.80%	1,140	2,814
FINNEY	16,939	3,947	23.30%	1,141	2,139
HOOKER	16,646	3,935	23.64%	1,142	2,185
LAMPKIN	6,034	3,932	65.16%	1,143	5,743
GULLEY	10,605	3,925	37.01%	1,144	3,366
SYLVESTER	18,896	3,915	20.72%	1,145	1,901
SEAY	14,046	3,910	27.84%	1,146	2,573
WIMBERLY	8,729	3,907	44.76%	1,147	4,070
VEAL	7,842	3,901	49.74%	1,148	4,519
LILLY	22,662	3,900	17.21%	1,149	1,580
RAYFORD	4,584	3,900	85.08%	1,150	7,270
BLUNT	8,326	3,896	46.79%	1,151	4,259
CANADY	8,958	3,896	43.49%	1,152	3,970
MCELROY	24,668	3,890	15.77%	1,153	1,446
CORBETT	26,246	3,887	14.81%	1,154	1,346
MANLEY	25,136	3,871	15.40%	1,155	1,413
STURDIVANT	7,223	3,870	53.58%	1,156	4,876
HANCOCK	50,558	3,868	7.65%	1,157	681
OMAR	7,660	3,866	50.47%	1,158	4,631
REDDING	15,767	3,864	24.51%	1,159	2,317
SWIFT	24,249	3,863	15.93%	1,160	1,473
SNELL	22,177	3,845	17.34%	1,161	1,623
STATEN	8,021	3,843	47.91%	1,162	4,430
SNOWDEN	11,171	3,841	34.38%	1,163	3,233
ISOM	10,099	3,838	38.00%	1,164	3,535
GUIDRY	20,600	3,832	18.60%	1,165	1,739
OGLESBY	12,271	3,829	31.20%	1,166	2,919
PHILLIP	6,857	3,826	55.80%	1,167	5,108
DESIR	4,241	3,825	90.19%	1,168	7,803
MIXON	12,394	3,814	30.77%	1,169	2,894
FITZPATRICK	40,449	3,810	9.42%	1,170	852
ALFRED	6,490	3,809	58.69%	1,171	5,364
LAKE	32,104	3,804	11.85%	1,172	1,091
GANTT	9,122	3,797	41.62%	1,173	3,891
KELLER	98,268	3,793	3.86%	1,174	317
PRIDE	7,172	3,790	52.84%	1,175	4,908
BRINKLEY	13,695	3,789	27.67%	1,176	2,632
ELAM	14,138	3,788	26.79%	1,177	2,556
GRESHAM	11,412	3,787	33.18%	1,178	3,162
MOTEN	4,734	3,781	79.87%	1,179	7,071
CLEMENTS	38,044	3,774	9.92%	1,180	908
HAMMONDS	12,710	3,771	29.67%	1,181	2,839
CONYERS	6,583	3,765	57.19%	1,182	5,289
HOLLOMAN	7,536	3,763	49.93%	1,183	4,708
BOYKINS	4,105	3,759	91.57%	1,184	8,073
HERNANDEZ	1,043,281	3,756	0.36%	1,185	11
KNOWLES	28,460	3,754	13.19%	1,186	1,239
NOBLES	12,965	3,753	28.95%	1,187	2,782
CALVIN	9,412	3,747	39.81%	1,188	3,763
FONTENOT	20,035	3,747	18.70%	1,189	1,792
FARRIS	29,877	3,738	12.51%	1,190	1,179
HYMAN	11,436	3,737	32.68%	1,191	3,158
DELANEY	33,218	3,737	11.25%	1,192	1,057
DOWNING	28,880	3,734	12.93%	1,193	1,225
RUSS	16,300	3,733	22.90%	1,194	2,237
LEBLANC	42,575	3,725	8.75%	1,195	815
SLADE	12,599	3,720	29.53%	1,196	2,861
GOODSON	15,820	3,719	23.51%	1,197	2,308
RIVERA	391,114	3,716	0.95%	1,198	46
FRANKS	30,155	3,715	12.32%	1,199	1,165
SHEFFIELD	19,738	3,711	18.80%	1,200	1,817
MADDEN	35,438	3,710	10.47%	1,201	982
HULL	43,018	3,708	8.62%	1,202	807
GOSS	26,179	3,704	14.15%	1,203	1,349
POTTER	72,175	3,703	5.13%	1,204	457
CARTWRIGHT	22,156	3,698	16.69%	1,205	1,626
MCKINNON	15,450	3,693	23.90%	1,206	2,359
SWANSON	76,897	3,691	4.80%	1,207	424
STAPLES	17,217	3,683	21.39%	1,208	2,104
MACKLIN	7,140	3,683	51.58%	1,209	4,927
BLEDSOE	18,510	3,682	19.89%	1,210	1,948
BOSWELL	22,540	3,676	16.31%	1,211	1,591
JEANPIERRE	3,990	3,669	91.95%	1,212	8,305
CHERY	4,027	3,667	91.06%	1,213	8,232
CONNOR	29,346	3,662	12.48%	1,214	1,207
SALTER	14,641	3,651	24.94%	1,215	2,462
MOYE	7,657	3,650	47.67%	1,216	4,634
MCCRARY	12,204	3,642	29.84%	1,217	2,937
BEATTY	25,510	3,638	14.26%	1,218	1,389
BURDEN	13,028	3,624	27.82%	1,219	2,770
MCWILLIAMS	20,523	3,620	17.64%	1,220	1,746
MICHAEL	40,736	3,617	8.88%	1,221	847
STUART	36,540	3,610	9.88%	1,222	951
MOULTRIE	4,391	3,607	82.15%	1,223	7,566
CORLEY	17,931	3,604	20.10%	1,224	2,012
MORELAND	17,832	3,598	20.18%	1,225	2,023
JACQUES	14,417	3,593	24.92%	1,226	2,512
MCGRIFF	5,789	3,586	61.95%	1,227	5,947
RUSHING	19,604	3,584	18.28%	1,228	1,827
NEWKIRK	10,620	3,583	33.74%	1,229	3,363
ALLEYNE	4,163	3,579	85.97%	1,230	7,950
EASTER	13,036	3,576	27.43%	1,231	2,769
CADE	8,391	3,575	42.61%	1,232	4,226
BLAKELY	11,669	3,575	30.64%	1,233	3,077
GLADNEY	5,012	3,573	71.29%	1,234	6,729
ELLINGTON	11,522	3,572	31.00%	1,235	3,132
CHISHOLM	12,503	3,565	28.51%	1,236	2,878
EUGENE	4,205	3,562	84.71%	1,237	7,870
TEAGUE	24,514	3,559	14.52%	1,238	1,456
DOBBINS	15,076	3,553	23.57%	1,239	2,407
MCFARLANE	9,319	3,541	38.00%	1,240	3,795
AIKEN	12,812	3,541	27.64%	1,241	2,816
PRESLEY	18,384	3,541	19.26%	1,242	1,968
HAYWARD	15,665	3,539	22.59%	1,243	2,327
BROUGHTON	12,273	3,537	28.82%	1,244	2,918
CHAMPION	17,527	3,533	20.16%	1,245	2,058
POINTER	7,453	3,530	47.36%	1,246	4,752
BRASWELL	13,838	3,529	25.50%	1,247	2,605
SEARS	32,206	3,527	10.95%	1,248	1,085
PENDLETON	16,751	3,526	21.05%	1,249	2,168
MCCLELLAN	26,060	3,526	13.53%	1,250	1,356
MCCOLLUM	19,990	3,524	17.63%	1,251	1,798
VICKERS	22,176	3,524	15.89%	1,252	1,625
LUSTER	7,316	3,524	48.17%	1,253	4,823
ROLLE	4,819	3,524	73.13%	1,254	6,960
CASON	11,657	3,522	30.21%	1,255	3,083
MOORER	4,849	3,515	72.49%	1,256	6,918
BLANCHARD	37,695	3,513	9.32%	1,257	920
GOMES	24,827	3,513	14.15%	1,258	1,433
SHABAZZ	3,963	3,505	88.44%	1,259	8,353
WILKINSON	53,739	3,504	6.52%	1,260	634
STREETER	11,988	3,498	29.18%	1,261	2,987
BEAL	20,752	3,497	16.85%	1,262	1,726
BEY	5,453	3,494	64.07%	1,263	6,265
SIMPKINS	11,585	3,487	30.10%	1,264	3,107
REECE	24,145	3,484	14.43%	1,265	1,479
VICTOR	11,234	3,479	30.97%	1,266	3,214
HAILE	6,663	3,479	52.21%	1,267	5,236
HEWITT	29,694	3,477	11.71%	1,268	1,191
HACKETT	20,278	3,474	17.13%	1,269	1,772
BILLINGSLEY	11,973	3,471	28.99%	1,270	2,995
ALDRIDGE	23,034	3,469	15.06%	1,271	1,562
BOBO	9,254	3,462	37.41%	1,272	3,828
DOWNS	33,922	3,460	10.20%	1,273	1,025
QUEEN	18,557	3,457	18.63%	1,274	1,945
HOLLINGSWORTH	23,831	3,441	14.44%	1,275	1,504
MAPP	4,749	3,440	72.44%	1,276	7,052
BOGAN	8,034	3,436	42.77%	1,277	4,425
DANCY	5,551	3,434	61.86%	1,278	6,165
BLOCKER	9,149	3,433	37.52%	1,279	3,874
RUFF	15,383	3,429	22.29%	1,280	2,369
NOLAN	46,054	3,426	7.44%	1,281	754
MARION	14,777	3,424	23.17%	1,282	2,446
BUNCH	22,117	3,424	15.48%	1,283	1,629
EARL	16,027	3,423	21.36%	1,284	2,270
DINKINS	6,242	3,422	54.82%	1,285	5,570
LATHAM	21,277	3,415	16.05%	1,286	1,693
DOCKERY	11,644	3,413	29.31%	1,287	3,089
LATTIMORE	5,068	3,412	67.32%	1,288	6,664
GATEWOOD	8,359	3,410	40.79%	1,289	4,242
HADLEY	21,771	3,405	15.64%	1,290	1,653
HOLIDAY	6,881	3,404	49.47%	1,291	5,089
TOWNES	5,067	3,402	67.14%	1,292	6,669
LOCKE	27,643	3,400	12.30%	1,293	1,272
GREENWOOD	24,971	3,394	13.59%	1,294	1,422
MABRY	12,846	3,391	26.40%	1,295	2,804
GARVIN	13,536	3,389	25.04%	1,296	2,664
MINTER	10,301	3,388	32.89%	1,297	3,470
LINTON	14,354	3,388	23.60%	1,298	2,524
LYNN	37,644	3,384	8.99%	1,299	924
BECKFORD	4,285	3,381	78.90%	1,300	7,748
WYCHE	4,573	3,379	73.89%	1,301	7,287
SPRINGER	31,643	3,379	10.68%	1,302	1,107
KYLES	4,911	3,374	68.70%	1,303	6,853
DRAPER	24,337	3,373	13.86%	1,304	1,467
NEWSON	4,693	3,372	71.85%	1,305	7,128
HUNTLEY	12,614	3,367	26.69%	1,306	2,858
STUCKEY	11,846	3,365	28.41%	1,307	3,026
KERR	44,711	3,362	7.52%	1,308	771
STRINGER	17,300	3,360	19.42%	1,309	2,091
MAYBERRY	14,326	3,357	23.43%	1,310	2,527
WEEMS	10,231	3,356	32.80%	1,311	3,494
SAM	12,053	3,356	27.84%	1,312	2,974
WHALEY	22,833	3,356	14.70%	1,313	1,575
DOBSON	19,419	3,350	17.25%	1,314	1,846
FORTE	12,023	3,345	27.82%	1,315	2,982
FAVORS	4,295	3,342	77.81%	1,316	7,730
BIBBS	4,190	3,337	79.64%	1,317	7,900
BESS	9,663	3,335	34.51%	1,318	3,677
WHITESIDE	11,334	3,329	29.37%	1,319	3,191
HIGH	13,961	3,328	23.84%	1,320	2,585
BLANKS	6,229	3,314	53.20%	1,321	5,578
LAWS	14,511	3,313	22.83%	1,322	2,486
MEDLEY	13,630	3,312	24.30%	1,323	2,641
QUICK	25,091	3,310	13.19%	1,324	1,416
SUMPTER	7,950	3,309	41.62%	1,325	4,467
PONDER	11,764	3,308	28.12%	1,326	3,044
WOODRUFF	26,286	3,304	12.57%	1,327	1,341
AUGUSTE	3,981	3,301	82.92%	1,328	8,323
BINGHAM	25,941	3,295	12.70%	1,329	1,360
NIX	24,786	3,294	13.29%	1,330	1,438
HARDAWAY	5,163	3,291	63.74%	1,331	6,562
TEMPLE	22,549	3,288	14.58%	1,332	1,590
JARVIS	35,350	3,284	9.29%	1,333	985
RUTHERFORD	28,079	3,282	11.69%	1,334	1,250
SILVA	161,633	3,281	2.03%	1,335	163
DODD	30,732	3,279	10.67%	1,336	1,144
SNEAD	10,500	3,277	31.21%	1,337	3,407
THORNE	18,738	3,274	17.47%	1,338	1,922
HUSSEIN	7,182	3,273	45.57%	1,339	4,903
COATS	15,943	3,268	20.50%	1,340	2,286
DRIVER	15,442	3,266	21.15%	1,341	2,361
LANCASTER	32,362	3,259	10.07%	1,342	1,080
WOODLEY	6,982	3,259	46.68%	1,343	5,026
LOVELACE	13,787	3,258	23.63%	1,344	2,613
BRACEY	5,485	3,255	59.34%	1,345	6,230
LIGGINS	3,827	3,250	84.92%	1,346	8,602
LEGGETT	12,977	3,249	25.04%	1,347	2,777
FARAH	6,718	3,247	48.33%	1,348	5,203
CLIFTON	24,758	3,246	13.11%	1,349	1,439
FENNELL	11,410	3,245	28.44%	1,350	3,163
BARFIELD	13,165	3,245	24.65%	1,351	2,737
MOTON	4,144	3,243	78.26%	1,352	7,977
ELDRIDGE	25,299	3,241	12.81%	1,353	1,402
CONEY	5,032	3,236	64.31%	1,354	6,711
FROST	42,015	3,231	7.69%	1,355	822
PARRIS	12,710	3,230	25.41%	1,356	2,839
SWANN	12,293	3,224	26.23%	1,357	2,916
GIBBONS	29,824	3,218	10.79%	1,358	1,183
PULLIAM	11,613	3,218	27.71%	1,359	3,099
BOWLES	23,713	3,211	13.54%	1,360	1,514
POLITE	4,108	3,209	78.12%	1,361	8,067
GASKIN	7,039	3,206	45.55%	1,362	4,987
GUNTER	24,513	3,194	13.03%	1,363	1,457
MINGO	4,899	3,191	65.14%	1,364	6,866
FLORENCE	9,177	3,180	34.65%	1,365	3,865
BRYSON	18,486	3,178	17.19%	1,366	1,954
CELESTINE	4,680	3,173	67.80%	1,367	7,145
SANTOS	137,232	3,170	2.31%	1,368	206
BARBOUR	14,451	3,169	21.93%	1,369	2,504
HANSON	111,144	3,168	2.85%	1,370	276
MALCOLM	10,618	3,167	29.83%	1,371	3,364
CHISOLM	4,435	3,167	71.41%	1,372	7,508
JOHNSTON	131,373	3,166	2.41%	1,373	225
THIGPEN	9,359	3,165	33.82%	1,374	3,784
WOODEN	7,547	3,165	41.94%	1,375	4,702
RAINES	21,518	3,161	14.69%	1,376	1,676
BROWNING	43,329	3,154	7.28%	1,377	797
BURNETTE	16,717	3,153	18.86%	1,378	2,172
CHESTNUT	7,924	3,141	39.64%	1,379	4,478
MOFFETT	11,853	3,132	26.42%	1,380	3,025
BRAGG	21,934	3,132	14.28%	1,381	1,643
TUBBS	12,828	3,129	24.39%	1,382	2,810
SHIVERS	6,939	3,129	45.09%	1,383	5,052
BAINES	6,557	3,122	47.61%	1,384	5,313
ALEXANDRE	4,675	3,120	66.74%	1,385	7,155
PEGUES	3,864	3,118	80.69%	1,386	8,518
SAMS	16,014	3,118	19.47%	1,387	2,275
DYE	28,182	3,117	11.06%	1,388	1,246
CARLTON	21,202	3,112	14.68%	1,389	1,698
MOUTON	6,535	3,112	47.62%	1,390	5,329
WHITTAKER	17,234	3,111	18.05%	1,391	2,100
BROOKINS	5,499	3,108	56.52%	1,392	6,219
SAVOY	7,649	3,107	40.62%	1,393	4,638
DOWDELL	4,976	3,103	62.36%	1,394	6,777
REMBERT	3,994	3,103	77.69%	1,395	8,295
DAVISON	22,276	3,103	13.93%	1,396	1,617
SOWELL	9,612	3,100	32.25%	1,397	3,696
MCLEMORE	10,850	3,099	28.56%	1,398	3,306
WHYTE	7,701	3,097	40.22%	1,399	4,609
MONTAGUE	11,258	3,097	27.51%	1,400	3,209
WADDELL	21,301	3,091	14.51%	1,401	1,691
BAYLOR	6,336	3,089	48.75%	1,402	5,489
LANGLEY	27,252	3,082	11.31%	1,403	1,289
LANGFORD	19,208	3,079	16.03%	1,404	1,870
POWE	4,233	3,071	72.55%	1,405	7,821
CARLISLE	20,365	3,069	15.07%	1,406	1,763
DANDRIDGE	4,201	3,068	73.03%	1,407	7,876
PEREZ	681,645	3,067	0.45%	1,408	22
COFIELD	5,319	3,062	57.57%	1,409	6,396
JUSTICE	32,480	3,060	9.42%	1,410	1,077
CLAIBORNE	5,201	3,058	58.80%	1,411	6,523
CANADA	9,819	3,056	31.12%	1,412	3,616
VINES	10,061	3,052	30.33%	1,413	3,547
GATLIN	10,785	3,050	28.28%	1,414	3,329
HERNDON	19,183	3,046	15.88%	1,415	1,871
SADLER	21,504	3,045	14.16%	1,416	1,678
CHEEKS	4,155	3,036	73.07%	1,417	7,964
TORRENCE	6,419	3,036	47.30%	1,418	5,425
SEARCY	10,243	3,035	29.63%	1,419	3,490
BOWSER	14,383	3,035	21.10%	1,420	2,517
CATO	8,298	3,031	36.53%	1,421	4,285
WOODY	18,434	3,031	16.44%	1,422	1,960
PRATHER	15,860	3,028	19.09%	1,423	2,298
DICKEY	23,320	3,022	12.96%	1,424	1,542
WOLFE	83,928	3,021	3.60%	1,425	374
KIRKSEY	5,654	3,021	53.43%	1,426	6,068
DELOACH	9,407	3,011	32.01%	1,427	3,766
TRENT	19,630	3,011	15.34%	1,428	1,824
WEBBER	26,405	3,008	11.39%	1,429	1,335
EARLY	14,014	3,006	21.45%	1,430	2,578
MCKEE	44,137	3,006	6.81%	1,431	780
YOUNGER	10,658	3,000	28.15%	1,432	3,357
EDMONDSON	13,524	2,998	22.17%	1,433	2,667
MOISE	4,230	2,998	70.87%	1,434	7,829
BOSTICK	7,957	2,984	37.50%	1,435	4,460
WALTER	48,024	2,977	6.20%	1,436	727
BIVENS	9,603	2,975	30.98%	1,437	3,701
JERNIGAN	15,889	2,974	18.72%	1,438	2,294
CAGE	5,372	2,970	55.29%	1,439	6,345
BAGLEY	17,324	2,969	17.14%	1,440	2,089
SWAN	23,001	2,969	12.91%	1,441	1,564
GRANGER	17,539	2,968	16.92%	1,442	2,055
WHITNEY	35,118	2,967	8.45%	1,443	994
GILLIS	18,834	2,966	15.75%	1,444	1,910
WHITMORE	15,296	2,964	19.38%	1,445	2,380
PETTIS	7,354	2,963	40.29%	1,446	4,807
HATCHETT	5,726	2,960	51.69%	1,447	6,005
PHIPPS	23,610	2,958	12.53%	1,448	1,519
SPRIGGS	7,143	2,957	41.40%	1,449	4,925
PENNINGTON	40,854	2,954	7.23%	1,450	846
GREY	12,680	2,953	23.29%	1,451	2,845
POE	23,563	2,950	12.52%	1,452	1,522
VERNON	17,480	2,949	16.87%	1,453	2,070
EZELL	11,121	2,947	26.50%	1,454	3,247
GONZALEZ	841,025	2,944	0.35%	1,455	13
SHULER	11,315	2,944	26.02%	1,456	3,195
SUTHERLAND	29,585	2,941	9.94%	1,457	1,195
KHAN	76,171	2,940	3.86%	1,458	427
NESMITH	7,097	2,939	41.41%	1,459	4,955
LAWTON	13,713	2,937	21.42%	1,460	2,630
FARROW	10,672	2,931	27.46%	1,461	3,353
TALBERT	12,181	2,931	24.06%	1,462	2,944
BEAMON	4,485	2,927	65.26%	1,463	7,426
MOSELEY	17,130	2,926	17.08%	1,464	2,112
CAMP	29,753	2,925	9.83%	1,465	1,189
BOATENG	3,017	2,919	96.75%	1,466	10,614
BIGGS	22,641	2,918	12.89%	1,467	1,581
FAULK	11,656	2,912	24.98%	1,468	3,084
CHAMBLISS	6,268	2,909	46.41%	1,469	5,543
FOY	12,952	2,906	22.44%	1,470	2,786
JULIEN	5,535	2,904	52.47%	1,471	6,180
GANDY	10,444	2,903	27.80%	1,472	3,417
MINCEY	5,839	2,901	49.68%	1,473	5,908
YUSUF	4,003	2,900	72.45%	1,474	8,280
LEAK	5,053	2,898	57.35%	1,475	6,684
AUGUSTINE	14,268	2,898	20.31%	1,476	2,536
WILKS	8,972	2,897	32.29%	1,477	3,962
DORTCH	4,817	2,897	60.14%	1,478	6,965
SAMPLE	11,471	2,896	25.25%	1,479	3,150
BRATHWAITE	3,429	2,896	84.46%	1,480	9,486
CLEMMONS	7,914	2,894	36.57%	1,481	4,484
MALLOY	16,546	2,891	17.47%	1,482	2,200
BROCKINGTON	3,479	2,887	82.98%	1,483	9,350
DANTZLER	4,117	2,885	70.08%	1,484	8,036
CARNEY	32,897	2,885	8.77%	1,485	1,066
ROBY	9,315	2,881	30.93%	1,486	3,798
DOWELL	15,320	2,879	18.79%	1,487	2,377
JOLLY	15,827	2,879	18.19%	1,488	2,306
GUERRIER	3,372	2,879	85.38%	1,489	9,628
BUGGS	3,455	2,877	83.27%	1,490	9,412
NICKERSON	15,970	2,871	17.98%	1,491	2,283
COKER	23,348	2,867	12.28%	1,492	1,541
GREGG	25,554	2,867	11.22%	1,493	1,386
RHONE	4,667	2,866	61.41%	1,494	7,167
CAMARA	8,324	2,864	34.41%	1,495	4,263
HEARN	15,234	2,864	18.80%	1,496	2,385
ZEIGLER	13,135	2,862	21.79%	1,497	2,742
GILLIARD	4,198	2,862	68.18%	1,498	7,885
KINSEY	16,102	2,860	17.76%	1,499	2,258
SUBER	4,495	2,859	63.60%	1,500	7,404
BLACKBURN	39,097	2,858	7.31%	1,501	889
LARKIN	23,578	2,858	12.12%	1,502	1,521
PERRYMAN	9,443	2,857	30.26%	1,503	3,748
STAMPS	7,307	2,854	39.06%	1,504	4,828
RICKETTS	12,862	2,844	22.11%	1,505	2,801
GADDY	8,342	2,840	34.04%	1,506	4,251
CODY	19,600	2,834	14.46%	1,507	1,828
DUKE	35,053	2,832	8.08%	1,508	995
LEMONS	12,322	2,822	22.90%	1,509	2,910
GODWIN	22,628	2,822	12.47%	1,510	1,583
OWUSU	2,938	2,819	95.95%	1,511	10,837
ASH	21,030	2,818	13.40%	1,512	1,709
GIST	6,422	2,813	43.80%	1,513	5,419
BARKLEY	13,051	2,809	21.52%	1,514	2,764
AGEE	10,857	2,807	25.85%	1,515	3,304
GOULD	38,924	2,806	7.21%	1,516	891
PIERSON	27,983	2,804	10.02%	1,517	1,254
BLANTON	24,154	2,804	11.61%	1,518	1,478
LUKE	18,425	2,799	15.19%	1,519	1,961
MURDOCK	19,873	2,798	14.08%	1,520	1,804
COMPTON	35,830	2,798	7.81%	1,521	971
JILES	4,441	2,797	62.98%	1,522	7,500
GRIGSBY	11,501	2,792	24.28%	1,523	3,141
BENFORD	3,995	2,788	69.79%	1,524	8,293
TILLERY	8,156	2,786	34.16%	1,525	4,355
SHIPP	11,217	2,781	24.79%	1,526	3,219
KENDALL	31,209	2,778	8.90%	1,527	1,126
WINFREY	6,740	2,778	41.22%	1,528	5,187
SEYMOUR	25,436	2,770	10.89%	1,529	1,394
BOYER	50,742	2,765	5.45%	1,530	676
BURLEY	8,542	2,764	32.36%	1,531	4,149
PURVIS	16,686	2,762	16.55%	1,532	2,177
TRAMMELL	12,582	2,760	21.94%	1,533	2,867
GAUSE	5,610	2,758	49.16%	1,534	6,111
SANCHEZ	612,752	2,757	0.45%	1,535	26
MCAFEE	12,371	2,753	22.25%	1,536	2,898
HUMPHRIES	18,201	2,752	15.12%	1,537	1,981
NILSON	10,010	2,750	27.47%	1,538	3,562
LETT	6,385	2,749	43.05%	1,539	5,451
GOMEZ	365,655	2,742	0.75%	1,540	51
BARTLEY	16,689	2,742	16.43%	1,541	2,175
NEWBY	11,483	2,728	23.76%	1,542	3,148
JEFFERS	17,455	2,721	15.59%	1,543	2,073
PETTAWAY	3,157	2,718	86.09%	1,544	10,204
MEREDITH	24,679	2,715	11.00%	1,545	1,445
ARMOUR	8,139	2,715	33.36%	1,546	4,366
CLEMENT	23,830	2,709	11.37%	1,547	1,505
SNIPES	8,428	2,709	32.14%	1,548	4,205
BUIE	5,943	2,704	45.50%	1,549	5,816
ABERNATHY	16,450	2,703	16.43%	1,550	2,216
MILLIGAN	22,416	2,699	12.04%	1,551	1,597
JAMA	2,907	2,697	92.78%	1,552	10,951
GEORGES	5,611	2,696	48.05%	1,553	6,109
MCCARTHY	82,950	2,696	3.25%	1,554	384
ANDRE	9,358	2,696	28.81%	1,555	3,785
HAILEY	8,327	2,695	32.36%	1,556	4,256
WHITING	16,418	2,693	16.40%	1,557	2,221
PEEPLES	7,499	2,693	35.91%	1,558	4,732
FLOURNOY	5,344	2,691	50.36%	1,559	6,370
VEREEN	3,683	2,687	72.96%	1,560	8,890
CRUTCHFIELD	9,019	2,685	29.77%	1,561	3,948
JASPER	9,632	2,684	27.87%	1,562	3,687
CHANCE	14,256	2,683	18.82%	1,563	2,540
GRICE	8,914	2,683	30.10%	1,564	3,984
JAMERSON	5,273	2,683	50.88%	1,565	6,440
BUSBY	15,754	2,681	17.02%	1,566	2,320
PRATER	19,484	2,681	13.76%	1,567	1,839
BLACKSHEAR	3,995	2,680	67.08%	1,568	8,293
STARLING	10,004	2,676	26.75%	1,569	3,567
BASKERVILLE	3,755	2,675	71.24%	1,570	8,734
CRUZ	334,201	2,674	0.80%	1,571	57
JOYCE	34,132	2,673	7.83%	1,572	1,022
DOVE	14,560	2,670	18.34%	1,573	2,475
CALLAHAN	50,524	2,668	5.28%	1,574	682
SILAS	4,729	2,665	56.35%	1,575	7,080
BODDIE	3,706	2,664	71.88%	1,576	8,841
HARRY	9,311	2,664	28.61%	1,577	3,802
GOLDSMITH	16,346	2,663	16.29%	1,578	2,229
WHITLOCK	16,927	2,659	15.71%	1,579	2,142
WHATLEY	11,579	2,659	22.96%	1,580	3,109
THAMES	7,619	2,659	34.90%	1,581	4,654
MEYERS	57,127	2,651	4.64%	1,582	586
CHISM	8,253	2,651	32.12%	1,583	4,307
KILGORE	21,627	2,651	12.26%	1,584	1,667
DALLAS	9,418	2,650	28.14%	1,585	3,761
DEBERRY	5,493	2,647	48.19%	1,586	6,228
CARSWELL	6,390	2,647	41.42%	1,587	5,448
BRENT	7,820	2,644	33.81%	1,588	4,535
MCCORD	17,875	2,644	14.79%	1,589	2,019
BARBEE	11,470	2,643	23.04%	1,590	3,151
HIGGS	10,333	2,643	25.58%	1,591	3,458
KYLE	18,721	2,642	14.11%	1,592	1,924
COURTNEY	27,205	2,639	9.70%	1,593	1,294
MAJORS	9,747	2,636	27.04%	1,594	3,650
CELESTIN	3,083	2,636	85.50%	1,595	10,434
BASKIN	7,389	2,635	35.66%	1,596	4,786
JEMISON	3,797	2,633	69.34%	1,597	8,653
SMOOT	9,168	2,633	28.72%	1,598	3,868
ODEN	8,240	2,632	31.94%	1,599	4,315
MCCAULEY	24,743	2,623	10.60%	1,600	1,442
MAHONE	3,956	2,623	66.30%	1,601	8,369
MCGRUDER	3,444	2,623	76.16%	1,602	9,446
SILVER	22,052	2,622	11.89%	1,603	1,632
LIGHTFOOT	8,634	2,616	30.30%	1,604	4,109
PETTIFORD	3,148	2,616	83.10%	1,605	10,237
WHITTINGTON	17,517	2,614	14.92%	1,606	2,059
ABNEY	9,948	2,613	26.27%	1,607	3,579
RANKINS	3,809	2,612	68.57%	1,608	8,634
GETER	3,449	2,610	75.67%	1,609	9,431
TOMLINSON	25,274	2,608	10.32%	1,610	1,407
BUSSEY	7,219	2,607	36.11%	1,611	4,880
ROWLAND	35,121	2,606	7.42%	1,612	993
ESTES	36,318	2,604	7.17%	1,613	956
JEFFERY	9,766	2,604	26.66%	1,614	3,638
PITT	9,151	2,603	28.44%	1,615	3,873
HICKSON	5,610	2,601	46.36%	1,616	6,111
NEALY	4,485	2,600	57.97%	1,617	7,426
AGNEW	9,856	2,598	26.36%	1,618	3,602
SPEIGHT	5,445	2,587	47.51%	1,619	6,276
MULLEN	37,502	2,584	6.89%	1,620	928
BENDER	39,551	2,583	6.53%	1,621	881
MCCASKILL	5,857	2,583	44.10%	1,622	5,892
RAMOS	263,464	2,582	0.98%	1,623	76
HAMLIN	16,871	2,580	15.29%	1,624	2,150
SPIKES	4,586	2,580	56.26%	1,625	7,265
SHAVERS	3,609	2,579	71.46%	1,626	9,054
ABBOTT	52,739	2,579	4.89%	1,627	645
LAGUERRE	3,171	2,576	81.24%	1,628	10,174
HINSON	19,857	2,575	12.97%	1,629	1,807
MANNS	6,312	2,574	40.78%	1,630	5,511
BENOIT	20,160	2,572	12.76%	1,631	1,775
VARNER	18,081	2,568	14.20%	1,632	1,997
MCMULLEN	20,545	2,568	12.50%	1,633	1,742
BETHEL	7,573	2,568	33.91%	1,634	4,686
BILLINGS	22,553	2,564	11.37%	1,635	1,588
SESSION	3,019	2,561	84.83%	1,636	10,607
BEAVERS	15,531	2,555	16.45%	1,637	2,348
CORNISH	8,050	2,555	31.74%	1,638	4,410
GLADDEN	7,271	2,554	35.13%	1,639	4,846
BELLE	4,246	2,553	60.13%	1,640	7,796
HANNA	39,890	2,553	6.40%	1,641	867
SPEED	7,255	2,551	35.16%	1,642	4,859
MAYNARD	36,460	2,549	6.99%	1,643	953
TOMPKINS	24,056	2,548	10.59%	1,644	1,485
LEON	86,363	2,548	2.95%	1,645	363
HANEY	33,898	2,546	7.51%	1,646	1,027
CROWELL	17,467	2,545	14.57%	1,647	2,071
MCGRAW	21,614	2,542	11.76%	1,648	1,668
JACOB	24,688	2,533	10.26%	1,649	1,444
ABRAM	5,514	2,530	45.88%	1,650	6,201
KINNEY	31,558	2,528	8.01%	1,651	1,113
SWEET	30,051	2,527	8.41%	1,652	1,169
DINGLE	4,301	2,527	58.75%	1,653	7,717
WELLINGTON	6,784	2,527	37.25%	1,654	5,156
STITH	5,319	2,523	47.43%	1,655	6,396
PARNELL	14,560	2,522	17.32%	1,656	2,475
FORDE	5,031	2,521	50.11%	1,657	6,713
MCDANIELS	7,256	2,520	34.73%	1,658	4,858
FORT	8,117	2,518	31.02%	1,659	4,382
PANNELL	8,687	2,517	28.97%	1,660	4,089
EMERSON	30,702	2,514	8.19%	1,661	1,145
GOFF	32,298	2,513	7.78%	1,662	1,081
LAURENT	6,665	2,511	37.67%	1,663	5,232
MIDDLEBROOKS	4,643	2,510	54.06%	1,664	7,198
CLOUD	14,555	2,509	17.24%	1,665	2,478
LANDRUM	12,026	2,506	20.84%	1,666	2,981
LOYD	13,547	2,505	18.49%	1,667	2,662
MATLOCK	12,599	2,503	19.87%	1,668	2,861
LAND	21,116	2,502	11.85%	1,669	1,704
SMAIL	9,097	2,502	27.50%	1,670	3,900
FARRELL	52,321	2,501	4.78%	1,671	652
BAUGH	12,543	2,500	19.93%	1,672	2,873
ADEN	4,705	2,499	53.11%	1,673	7,110
WEATHERSBY	3,844	2,496	64.93%	1,674	8,570
STARR	30,363	2,496	8.22%	1,675	1,158
TORRES	437,813	2,496	0.57%	1,676	37
SWEENEY	52,410	2,495	4.76%	1,677	651
GAVIN	14,061	2,494	17.74%	1,678	2,569
DURDEN	7,007	2,494	35.59%	1,679	5,014
EADDY	3,385	2,493	73.65%	1,680	9,598
SALMON	14,511	2,492	17.17%	1,681	2,486
LOPES	18,310	2,490	13.60%	1,682	1,976
NARCISSE	2,774	2,486	89.62%	1,683	11,371
DENTON	27,742	2,483	8.95%	1,684	1,268
FLOOD	17,053	2,481	14.55%	1,685	2,125
SHIRLEY	27,224	2,477	9.10%	1,686	1,292
HOLLY	8,934	2,477	27.73%	1,687	3,979
SHELL	13,369	2,471	18.48%	1,688	2,696
FOWLKES	4,686	2,467	52.65%	1,689	7,135
CHRISTIE	18,681	2,466	13.20%	1,690	1,931
BEDFORD	8,814	2,464	27.96%	1,691	4,029
CAUSEY	11,387	2,463	21.63%	1,692	3,171
TIBBS	7,294	2,462	33.75%	1,693	4,835
DAYE	3,958	2,462	62.20%	1,694	8,365
HYLTON	8,440	2,457	29.11%	1,695	4,199
PERSAUD	11,956	2,456	20.54%	1,696	3,000
KEATON	9,723	2,454	25.24%	1,697	3,656
JALLOH	2,542	2,452	96.46%	1,698	12,238
AIKENS	4,936	2,450	49.64%	1,699	6,831
PETTIGREW	7,958	2,449	30.77%	1,700	4,458
BRANNON	16,136	2,449	15.18%	1,701	2,253
COFFEY	36,423	2,448	6.72%	1,702	955
FRASIER	8,124	2,442	30.06%	1,703	4,376
JULES	2,911	2,439	83.79%	1,704	10,935
PRESCOTT	16,975	2,438	14.36%	1,705	2,134
BUCK	42,639	2,435	5.71%	1,706	812
SANON	2,943	2,435	82.74%	1,707	10,822
MAYE	4,356	2,432	55.83%	1,708	7,621
DUCKETT	7,375	2,431	32.96%	1,709	4,794
GERALD	5,244	2,429	46.32%	1,710	6,476
TYUS	3,102	2,429	78.30%	1,711	10,387
HUTCHERSON	6,795	2,428	35.73%	1,712	5,150
LINCOLN	16,477	2,424	14.71%	1,713	2,209
PARSONS	67,310	2,423	3.60%	1,714	498
PEEBLES	8,843	2,423	27.40%	1,715	4,021
TRIMBLE	16,306	2,420	14.84%	1,716	2,235
COSTON	4,969	2,419	48.68%	1,717	6,788
SANDS	18,584	2,418	13.01%	1,718	1,944
BIVINS	5,681	2,411	42.44%	1,719	6,045
ROZIER	4,386	2,408	54.90%	1,720	7,575
STLOUIS	5,158	2,407	46.67%	1,721	6,569
HYDE	29,094	2,406	8.27%	1,722	1,213
COUSINS	9,380	2,405	25.64%	1,723	3,773
WORRELL	10,821	2,404	22.22%	1,724	3,313
SESAY	2,506	2,404	95.93%	1,725	12,407
WARFIELD	7,443	2,404	32.30%	1,726	4,758
STROMAN	4,071	2,401	58.98%	1,727	8,141
MANGUM	9,515	2,399	25.21%	1,728	3,723
GADSDEN	2,768	2,396	86.56%	1,729	11,393
BATTLES	7,702	2,395	31.10%	1,730	4,606
QUALLS	11,958	2,394	20.02%	1,731	2,999
ROWELL	15,952	2,391	14.99%	1,732	2,285
PERDUE	16,464	2,386	14.49%	1,733	2,211
PEACOCK	21,712	2,386	10.99%	1,734	1,659
STEPHEN	9,925	2,386	24.04%	1,735	3,585
CRUTCHER	6,004	2,386	39.74%	1,736	5,769
GAINEY	8,556	2,384	27.86%	1,737	4,140
MCCONNELL	39,754	2,377	5.98%	1,738	872
HAMM	26,726	2,376	8.89%	1,739	1,314
DOWDY	13,468	2,369	17.59%	1,740	2,678
MCCLARY	6,070	2,368	39.01%	1,741	5,713
LITTLES	3,224	2,367	73.42%	1,742	9,998
FARR	20,011	2,363	11.81%	1,743	1,794
BOATWRIGHT	7,379	2,359	31.97%	1,744	4,790
YANCY	4,384	2,356	53.74%	1,745	7,580
HARDEMAN	4,565	2,354	51.57%	1,746	7,305
MCCARTY	36,944	2,353	6.37%	1,747	939
GROVES	24,629	2,352	9.55%	1,748	1,447
MULDROW	2,887	2,352	81.47%	1,749	11,016
GATLING	2,944	2,352	79.89%	1,750	10,819
FLEMMING	6,234	2,350	37.70%	1,751	5,575
LARKINS	6,357	2,349	36.95%	1,752	5,470
SPICER	18,501	2,348	12.69%	1,753	1,951
HUGHLEY	3,035	2,342	77.17%	1,754	10,560
SNYDER	160,262	2,340	1.46%	1,755	165
ASHBY	17,482	2,339	13.38%	1,756	2,069
NDIAYE	2,491	2,338	93.86%	1,757	12,460
WHARTON	11,656	2,335	20.03%	1,758	3,084
TIDWELL	21,176	2,334	11.02%	1,759	1,699
KIRKWOOD	8,227	2,333	28.36%	1,760	4,320
SPAIN	11,628	2,333	20.06%	1,761	3,093
JETT	12,008	2,332	19.42%	1,762	2,985
WITHERS	11,381	2,330	20.47%	1,763	3,176
WORTHAM	5,358	2,328	43.45%	1,764	6,358
GERMAN	16,661	2,326	13.96%	1,765	2,182
NORFLEET	4,139	2,322	56.10%	1,766	7,988
ADAM	13,574	2,320	17.09%	1,767	2,654
JOE	9,280	2,318	24.98%	1,768	3,819
NICOLAS	9,006	2,317	25.73%	1,769	3,951
KANE	50,584	2,312	4.57%	1,770	680
SALES	10,439	2,310	22.13%	1,771	3,418
MAYERS	6,076	2,310	38.02%	1,772	5,708
MERCHANT	14,692	2,308	15.71%	1,773	2,455
PORTIS	3,274	2,308	70.49%	1,774	9,877
THIBODEAUX	13,850	2,307	16.66%	1,775	2,602
MCLENDON	8,453	2,305	27.27%	1,776	4,193
SHIPMAN	15,581	2,304	14.79%	1,777	2,339
WOFFORD	8,856	2,298	25.95%	1,778	4,011
WORD	6,177	2,295	37.15%	1,779	5,628
ELEY	4,848	2,294	47.32%	1,780	6,921
EASTERLING	8,433	2,291	27.17%	1,781	4,201
BREAUX	12,705	2,286	17.99%	1,782	2,842
PINKSTON	8,291	2,285	27.56%	1,783	4,292
LIGON	6,140	2,280	37.13%	1,784	5,654
CURETON	4,437	2,279	51.36%	1,785	7,504
WITCHER	5,275	2,279	43.20%	1,786	6,437
SETTLES	6,137	2,277	37.10%	1,787	5,656
CULPEPPER	10,135	2,277	22.47%	1,788	3,521
RAMEY	22,287	2,271	10.19%	1,789	1,616
STALEY	18,080	2,269	12.55%	1,790	1,998
GLASPER	2,647	2,268	85.68%	1,791	11,821
JEROME	9,131	2,267	24.83%	1,792	3,885
CHRISTMAS	5,599	2,266	40.47%	1,793	6,122
LEARY	15,505	2,261	14.58%	1,794	2,351
DOBBS	18,476	2,261	12.24%	1,795	1,956
DIAZ	347,636	2,260	0.65%	1,796	55
ROSSER	8,043	2,259	28.09%	1,797	4,417
CALLAWAY	13,819	2,255	16.32%	1,798	2,610
NATHAN	8,300	2,252	27.13%	1,799	4,284
TOMLIN	11,797	2,251	19.08%	1,800	3,036
AVANT	5,443	2,251	41.36%	1,801	6,277
EALY	4,408	2,249	51.02%	1,802	7,543
CHEEK	16,020	2,248	14.03%	1,803	2,273
MARABLE	3,514	2,245	63.89%	1,804	9,265
MCCULLUM	3,302	2,239	67.81%	1,805	9,803
CORMIER	17,377	2,238	12.88%	1,806	2,081
HEMINGWAY	5,970	2,237	37.47%	1,807	5,794
STYLES	6,847	2,236	32.66%	1,808	5,113
DUNSTON	3,702	2,236	60.40%	1,809	8,850
ABDULLAHI	2,343	2,236	95.43%	1,810	13,091
GOVAN	3,188	2,236	70.14%	1,811	10,103
LUBIN	4,601	2,234	48.55%	1,812	7,247
GOOCH	11,453	2,234	19.51%	1,813	3,155
FORTSON	4,273	2,233	52.26%	1,814	7,765
MCARTHUR	12,683	2,231	17.59%	1,815	2,844
LATIMER	9,733	2,230	22.91%	1,816	3,653
SIMONS	25,755	2,228	8.65%	1,817	1,371
MALLARD	6,583	2,228	33.84%	1,818	5,289
GERMAIN	7,332	2,227	30.37%	1,819	4,816
MARCUS	17,671	2,227	12.60%	1,820	2,037
TRIPP	20,434	2,227	10.90%	1,821	1,753
THURMOND	5,922	2,218	37.45%	1,822	5,841
CATHEY	8,779	2,217	25.25%	1,823	4,048
BANKSTON	7,101	2,214	31.18%	1,824	4,953
APPLEWHITE	3,687	2,208	59.89%	1,825	8,882
MARK	14,265	2,203	15.44%	1,826	2,537
DUNHAM	22,362	2,203	9.85%	1,827	1,604
BARNER	5,827	2,201	37.77%	1,828	5,913
SALLEY	5,392	2,200	40.80%	1,829	6,327
DUNSON	4,088	2,199	53.79%	1,830	8,110
PENNY	10,249	2,197	21.44%	1,831	3,485
LANDERS	19,144	2,196	11.47%	1,832	1,876
MCCALLUM	10,229	2,195	21.46%	1,833	3,495
STORY	19,218	2,195	11.42%	1,834	1,867
WILBORN	4,752	2,193	46.15%	1,835	7,047
JEFFERIES	4,953	2,193	44.28%	1,836	6,809
HILLMAN	15,738	2,192	13.93%	1,837	2,321
CEASAR	2,694	2,190	81.29%	1,838	11,637
HUFFMAN	50,786	2,189	4.31%	1,839	674
GUILLAUME	3,230	2,185	67.65%	1,840	9,987
KITCHEN	15,170	2,183	14.39%	1,841	2,390
RADFORD	12,956	2,182	16.84%	1,842	2,785
HANKERSON	2,561	2,179	85.08%	1,843	12,170
ARCENEAUX	5,818	2,178	37.44%	1,844	5,924
DURR	6,937	2,177	31.38%	1,845	5,057
SARGENT	27,786	2,176	7.83%	1,846	1,265
BURNSIDE	8,859	2,174	24.54%	1,847	4,009
EDWARD	4,473	2,173	48.58%	1,848	7,446
LATIMORE	2,605	2,173	83.42%	1,849	11,988
WATT	15,211	2,172	14.28%	1,850	2,387
MATTOX	10,099	2,170	21.49%	1,851	3,535
KORNEGAY	4,702	2,169	46.13%	1,852	7,116
VENABLE	10,333	2,168	20.98%	1,853	3,458
TRUITT	9,557	2,167	22.67%	1,854	3,712
FLAGG	6,834	2,167	31.71%	1,855	5,122
WHITTED	4,330	2,163	49.95%	1,856	7,671
BRUNO	30,883	2,162	7.00%	1,857	1,135
DEBOSE	2,727	2,158	79.13%	1,858	11,534
MCCREE	2,931	2,155	73.52%	1,859	10,871
MAXEY	10,584	2,155	20.36%	1,860	3,372
MORAN	88,615	2,153	2.43%	1,861	353
CANNADY	5,172	2,152	41.61%	1,862	6,548
LEFLORE	2,884	2,150	74.55%	1,863	11,026
KENNEY	27,759	2,146	7.73%	1,864	1,266
CAESAR	3,628	2,145	59.12%	1,865	9,013
DAVIES	33,753	2,143	6.35%	1,866	1,030
PHIFER	5,671	2,142	37.77%	1,867	6,051
SAYLES	5,902	2,142	36.29%	1,868	5,852
BRAGGS	2,568	2,142	83.41%	1,869	12,132
AMBROSE	17,178	2,139	12.45%	1,870	2,107
FEARS	4,762	2,138	44.90%	1,871	7,027
TABB	4,312	2,135	49.51%	1,872	7,698
SHINE	6,217	2,135	34.34%	1,873	5,595
HOWZE	3,263	2,134	65.40%	1,874	9,907
RATCLIFF	10,497	2,133	20.32%	1,875	3,409
MCDADE	7,119	2,131	29.93%	1,876	4,945
GALES	4,169	2,130	51.09%	1,877	7,937
PARIS	17,707	2,127	12.01%	1,878	2,033
GONZALES	214,758	2,126	0.99%	1,879	111
SWINTON	3,028	2,126	70.21%	1,880	10,587
BLANDING	3,237	2,124	65.62%	1,881	9,966
WALCOTT	4,346	2,121	48.80%	1,882	7,641
OVERSTREET	12,342	2,119	17.17%	1,883	2,907
EMANUEL	6,517	2,117	32.48%	1,884	5,340
DOE	7,066	2,113	29.90%	1,885	4,972
KINARD	7,035	2,112	30.02%	1,886	4,990
WOOLFOLK	3,295	2,110	64.04%	1,887	9,827
PEACE	8,841	2,110	23.87%	1,888	4,022
ANDRADE	65,037	2,107	3.24%	1,889	516
COMER	16,893	2,107	12.47%	1,890	2,148
MILNER	12,153	2,106	17.33%	1,891	2,955
BIENAIME	2,277	2,106	92.49%	1,892	13,376
FLUKER	2,901	2,106	72.60%	1,893	10,964
MCIVER	5,457	2,105	38.57%	1,894	6,258
MCGREGOR	15,614	2,102	13.46%	1,895	2,333
RIGGS	34,506	2,101	6.09%	1,896	1,011
MATTHEW	6,436	2,101	32.64%	1,897	5,408
WINGFIELD	6,362	2,101	33.02%	1,898	5,466
NAPIER	19,182	2,099	10.94%	1,899	1,872
LEDBETTER	19,417	2,099	10.81%	1,900	1,847
LIDDELL	4,892	2,098	42.89%	1,901	6,874
BAZILE	2,491	2,097	84.18%	1,902	12,460
MOSELY	3,419	2,097	61.33%	1,903	9,506
BURWELL	6,193	2,095	33.83%	1,904	5,613
EADY	3,992	2,094	52.45%	1,905	8,299
BORDERS	9,053	2,094	23.13%	1,906	3,928
WIGFALL	2,314	2,093	90.45%	1,907	13,210
STROTHER	7,170	2,092	29.18%	1,908	4,910
ETHERIDGE	10,420	2,091	20.07%	1,909	3,425
LADSON	2,729	2,090	76.58%	1,910	11,524
IVERY	2,457	2,089	85.02%	1,911	12,597
HARDWICK	10,841	2,089	19.27%	1,912	3,310
CLANTON	7,965	2,088	26.21%	1,913	4,455
RODNEY	4,089	2,088	51.06%	1,914	8,106
OGLETREE	4,519	2,087	46.18%	1,915	7,369
LOVING	7,135	2,085	29.22%	1,916	4,933
RUDD	14,732	2,082	14.13%	1,917	2,451
CROMWELL	8,087	2,082	25.75%	1,918	4,397
WICKS	9,489	2,082	21.94%	1,919	3,735
FERNANDEZ	180,842	2,080	1.15%	1,920	142
HECTOR	4,387	2,079	47.39%	1,921	7,572
BUTCHER	22,978	2,077	9.04%	1,922	1,567
BECKETT	11,763	2,075	17.64%	1,923	3,045
BORDEN	15,500	2,074	13.38%	1,924	2,352
CHURCH	36,072	2,074	5.75%	1,925	966
SMOTHERS	7,444	2,072	27.83%	1,926	4,756
BARNEY	16,404	2,069	12.61%	1,927	2,224
FARRAR	14,892	2,066	13.87%	1,928	2,434
PULLEY	8,007	2,065	25.79%	1,929	4,435
HARDISON	8,128	2,063	25.38%	1,930	4,375
CHARLESTON	3,346	2,063	61.66%	1,931	9,695
SHEPHARD	6,859	2,062	30.06%	1,932	5,105
USHER	7,477	2,060	27.55%	1,933	4,742
GRAYS	2,404	2,055	85.48%	1,934	12,825
HAUGHTON	3,577	2,054	57.42%	1,935	9,129
MCGINNIS	26,953	2,054	7.62%	1,936	1,303
BRONSON	11,229	2,052	18.27%	1,937	3,215
DEAS	4,165	2,050	49.22%	1,938	7,944
DIOP	2,246	2,049	91.23%	1,939	13,506
NEWSOM	11,218	2,046	18.24%	1,940	3,218
SEWARD	10,399	2,045	19.67%	1,941	3,430
ASHE	7,756	2,044	26.35%	1,942	4,573
RUMPH	3,218	2,044	63.52%	1,943	10,019
LUCKEY	5,434	2,043	37.60%	1,944	6,288
NAYLOR	16,745	2,041	12.19%	1,945	2,169
SADDLER	4,282	2,039	47.62%	1,946	7,753
PETTUS	5,204	2,037	39.14%	1,947	6,520
RAGIN	2,551	2,037	79.85%	1,948	12,208
ROOKS	6,883	2,036	29.58%	1,949	5,086
HARTLEY	31,221	2,036	6.52%	1,950	1,124
EDOUARD	2,216	2,035	91.83%	1,951	13,660
WREN	11,211	2,029	18.10%	1,952	3,220
ROBINS	10,797	2,028	18.78%	1,953	3,322
FRANCE	11,937	2,027	16.98%	1,954	3,005
TOURE	2,198	2,027	92.22%	1,955	13,764
TOOMER	3,059	2,027	66.26%	1,956	10,491
TEASLEY	4,400	2,026	46.05%	1,957	7,554
DYKES	13,874	2,024	14.59%	1,958	2,598
CROOM	4,407	2,022	45.88%	1,959	7,545
TITUS	15,780	2,018	12.79%	1,960	2,314
BANNISTER	8,639	2,016	23.34%	1,961	4,105
THREATT	3,545	2,016	56.87%	1,962	9,199
LITTLETON	9,939	2,014	20.26%	1,963	3,581
SANDIFER	5,786	2,013	34.79%	1,964	5,949
WHITEHURST	7,412	2,012	27.15%	1,965	4,774
FEASTER	4,871	2,012	41.31%	1,966	6,900
ISRAEL	10,245	2,012	19.64%	1,967	3,488
YARBOROUGH	6,839	2,011	29.40%	1,968	5,119
PETE	4,619	2,008	43.47%	1,969	7,228
GRANDBERRY	2,158	2,008	93.05%	1,970	13,974
CULVER	17,566	2,004	11.41%	1,971	2,051
HEBERT	41,275	2,002	4.85%	1,972	836
BANKHEAD	3,540	2,002	56.55%	1,973	9,210
LAYNE	13,367	2,001	14.97%	1,974	2,697
COCKRELL	9,465	1,998	21.11%	1,975	3,744
GADDIS	9,142	1,997	21.84%	1,976	3,877
GAGE	16,614	1,995	12.01%	1,977	2,187
FLANAGAN	30,887	1,995	6.46%	1,978	1,134
WELDON	14,538	1,992	13.70%	1,979	2,481
MCCARTER	9,849	1,991	20.22%	1,980	3,605
HATTEN	5,907	1,991	33.71%	1,981	5,849
SEYMORE	4,474	1,986	44.39%	1,982	7,445
REEDER	19,155	1,984	10.36%	1,983	1,874
PEYTON	10,276	1,982	19.29%	1,984	3,477
SESSOMS	4,044	1,982	49.01%	1,985	8,206
TUTT	4,005	1,982	49.49%	1,986	8,277
BASSETT	20,482	1,981	9.67%	1,987	1,750
MCHENRY	11,660	1,978	16.96%	1,988	3,082
MANSON	7,663	1,976	25.79%	1,989	4,629
GATSON	2,373	1,976	83.27%	1,990	12,944
KILPATRICK	14,087	1,974	14.01%	1,991	2,565
RIDDLE	33,507	1,974	5.89%	1,992	1,036
BLEVINS	38,229	1,973	5.16%	1,993	906
SHACKELFORD	11,525	1,972	17.11%	1,994	3,130
KEE	9,049	1,972	21.79%	1,995	3,932
HAM	16,980	1,971	11.61%	1,996	2,133
SPELLER	2,668	1,970	73.84%	1,997	11,743
TUNSTALL	3,859	1,970	51.05%	1,998	8,527
CALLENDER	5,728	1,965	34.31%	1,999	6,004
SUMMERVILLE	4,905	1,963	40.02%	2,000	6,861