SMITH	2,442,977	21,742	0.89%	1	1
JOHNSON	1,932,812	18,168	0.94%	2	2
BEGAY	17,553	16,472	93.84%	3	2,053
LOCKLEAR	19,716	14,373	72.90%	4	1,819
JONES	1,425,470	14,255	1.00%	5	5
YAZZIE	14,949	14,136	94.56%	6	2,424
WILLIAMS	1,625,252	13,327	0.82%	7	3
BROWN	1,437,026	12,502	0.87%	8	4
DAVIS	1,116,357	9,154	0.82%	9	8
WILSON	801,882	8,500	1.06%	10	14
THOMPSON	664,644	8,109	1.22%	11	23
THOMAS	756,142	8,091	1.07%	12	16
MILLER	1,161,437	7,665	0.66%	13	7
JACKSON	708,099	7,506	1.06%	14	19
WHITE	660,491	7,067	1.07%	15	24
MARTIN	702,625	6,886	0.98%	16	20
LEE	693,023	6,722	0.97%	17	21
HUNT	158,421	6,701	4.23%	18	169
JAMES	249,379	6,434	2.58%	19	85
LEWIS	531,781	6,381	1.20%	20	29
ANDERSON	784,404	5,805	0.74%	21	15
TAYLOR	751,209	5,709	0.76%	22	17
CLARK	562,679	5,683	1.01%	23	27
GARCIA	1,166,120	5,481	0.47%	24	6
MARTINEZ	1,060,159	5,407	0.51%	25	10
BENALLY	5,562	5,245	94.30%	26	6,155
SCOTT	439,530	5,186	1.18%	27	36
TSOSIE	5,255	4,992	95.00%	28	6,465
NELSON	424,958	4,930	1.16%	29	43
MOORE	724,374	4,926	0.68%	30	18
KING	465,422	4,561	0.98%	31	34
WALKER	523,129	4,551	0.87%	32	31
OXENDINE	7,139	4,546	63.68%	33	4,930
JACOBS	118,614	4,448	3.75%	34	257
NEZ	4,827	4,447	92.13%	35	6,948
HILL	434,827	4,218	0.97%	36	39
HARRIS	624,252	4,182	0.67%	37	25
ALLEN	482,607	4,150	0.86%	38	33
MITCHELL	384,486	3,999	1.04%	39	48
YOUNG	484,447	3,827	0.79%	40	32
JOHN	33,543	3,747	11.17%	41	1,034
PHILLIPS	360,802	3,716	1.03%	42	52
BAKER	419,586	3,650	0.87%	43	44
MORGAN	286,280	3,550	1.24%	44	69
CHAVIS	14,844	3,536	23.82%	45	2,442
ADAMS	427,865	3,380	0.79%	46	42
LOPEZ	874,523	3,323	0.38%	47	12
ROBERTS	376,774	3,203	0.85%	48	50
HENRY	170,964	3,197	1.87%	49	149
WRIGHT	458,980	3,167	0.69%	50	35
JOE	9,280	3,136	33.79%	51	3,819
MORRIS	318,884	3,125	0.98%	52	62
LONG	229,374	3,028	1.32%	53	97
PARKER	336,221	2,959	0.88%	54	56
CARTER	376,966	2,940	0.78%	55	49
REED	277,030	2,909	1.05%	56	73
GEORGE	128,625	2,881	2.24%	57	235
RICHARDSON	259,798	2,858	1.10%	58	80
ROBINSON	529,821	2,808	0.53%	59	30
COOK	302,589	2,784	0.92%	60	65
GREEN	430,182	2,753	0.64%	61	41
CAMPBELL	386,157	2,742	0.71%	62	47
HALL	407,076	2,646	0.65%	63	45
EVANS	355,593	2,631	0.74%	64	53
EDWARDS	332,423	2,560	0.77%	65	58
CHEE	4,973	2,556	51.40%	66	6,784
COLLINS	329,770	2,539	0.77%	67	59
HARRISON	181,091	2,517	1.39%	68	141
STEWART	324,957	2,502	0.77%	69	61
ROGERS	302,261	2,479	0.82%	70	66
STEVENS	185,674	2,469	1.33%	71	135
JIM	3,544	2,423	68.37%	72	9,203
WARD	260,464	2,370	0.91%	73	79
CHARLEY	4,201	2,360	56.18%	74	7,876
CHAVEZ	250,898	2,358	0.94%	75	83
RUSSELL	221,558	2,326	1.05%	76	104
HOWARD	264,826	2,304	0.87%	77	75
SANDOVAL	128,948	2,282	1.77%	78	233
SANCHEZ	612,752	2,267	0.37%	79	26
GRAY	246,116	2,240	0.91%	80	87
BELL	220,599	2,228	1.01%	81	106
BLACK	154,738	2,228	1.44%	82	174
BENNETT	247,599	2,179	0.88%	83	86
SAM	12,053	2,161	17.93%	84	2,974
WOOD	250,715	2,106	0.84%	85	84
MURPHY	308,417	2,097	0.68%	86	64
TURNER	348,627	2,092	0.60%	87	54
COOPER	280,791	2,078	0.74%	88	70
WATSON	252,579	2,071	0.82%	89	81
ROSS	229,368	2,064	0.90%	90	98
PETERSON	278,297	2,059	0.74%	91	71
SPENCER	139,951	2,057	1.47%	92	199
CURLEY	12,211	2,014	16.49%	93	2,936
FOSTER	227,764	2,004	0.88%	94	99
BROOKS	251,663	1,988	0.79%	95	82
HERNANDEZ	1,043,281	1,982	0.19%	96	11
HARVEY	115,662	1,978	1.71%	97	266
RODRIGUEZ	1,094,924	1,971	0.18%	98	9
LOWERY	43,278	1,939	4.48%	99	799
SANDERS	230,374	1,935	0.84%	100	94
HENDERSON	218,393	1,878	0.86%	101	109
GIBSON	190,667	1,849	0.97%	102	130
CUMMINGS	79,316	1,848	2.33%	103	403
BUTLER	218,847	1,838	0.84%	104	108
PETERS	137,513	1,829	1.33%	105	205
PERRY	221,741	1,796	0.81%	106	103
MARSHALL	183,922	1,766	0.96%	107	139
COX	261,231	1,750	0.67%	108	78
WILLIS	130,152	1,731	1.33%	109	230
BAILEY	277,845	1,723	0.62%	110	72
TOM	10,350	1,721	16.63%	111	3,452
BRYANT	192,773	1,716	0.89%	112	128
TSO	3,249	1,709	52.60%	113	9,931
HARJO	2,172	1,662	76.52%	114	13,903
HUNTER	162,440	1,657	1.02%	115	160
BARNES	218,241	1,637	0.75%	116	110
GONZALES	214,758	1,632	0.76%	117	111
FISHER	214,703	1,632	0.76%	118	112
WEST	195,818	1,625	0.83%	119	125
FRANCIS	78,327	1,621	2.07%	120	413
HAMILTON	201,746	1,614	0.80%	121	119
GRAHAM	201,159	1,609	0.80%	122	120
FREEMAN	169,149	1,607	0.95%	123	151
PAUL	78,256	1,604	2.05%	124	415
BULLARD	23,755	1,601	6.74%	125	1,509
HAYES	194,246	1,573	0.81%	126	127
FOX	152,334	1,569	1.03%	127	180
WEAVER	143,837	1,568	1.09%	128	192
BOYD	153,469	1,565	1.02%	129	176
WOODS	177,425	1,561	0.88%	130	144
PRICE	235,251	1,553	0.66%	131	91
HICKS	158,320	1,552	0.98%	132	170
GRANT	142,277	1,537	1.08%	133	196
WELLS	176,230	1,533	0.87%	134	147
SAMPSON	39,277	1,532	3.90%	135	886
DIXON	159,480	1,531	0.96%	136	167
WALLACE	197,276	1,519	0.77%	137	123
JORDAN	208,403	1,501	0.72%	138	116
FRANK	67,304	1,501	2.23%	139	499
PATEL	229,973	1,495	0.65%	140	95
BILLY	3,621	1,482	40.93%	141	9,027
FLORES	433,969	1,475	0.34%	142	40
BEGAYE	1,540	1,473	95.65%	143	18,090
PIERCE	138,629	1,469	1.06%	144	202
BAHE	2,011	1,459	72.55%	145	14,768
ANDREWS	133,799	1,458	1.09%	146	218
STONE	153,329	1,457	0.95%	147	178
STRICKLAND	67,769	1,457	2.15%	148	494
KELLY	267,394	1,444	0.54%	149	74
ROMERO	208,614	1,439	0.69%	150	115
ANTONE	3,493	1,435	41.08%	151	9,320
ALEXANDER	204,621	1,432	0.70%	152	118
REYNOLDS	200,247	1,422	0.71%	153	121
SIMMONS	210,182	1,408	0.67%	154	114
MCDONALD	180,497	1,408	0.78%	155	143
COLE	195,289	1,406	0.72%	156	126
PATTERSON	205,423	1,397	0.68%	157	117
BREWER	103,318	1,395	1.35%	158	303
POWELL	224,874	1,394	0.62%	159	101
BILLIOT	3,272	1,378	42.11%	160	9,881
OWENS	182,719	1,370	0.75%	161	140
ROBERTSON	153,666	1,368	0.89%	162	175
PEREZ	681,645	1,363	0.20%	163	22
CASTILLO	230,420	1,359	0.59%	164	93
RICHARDS	130,529	1,358	1.04%	165	228
SINGH	116,749	1,343	1.15%	166	260
DUNCAN	135,187	1,338	0.99%	167	212
LITTLE	105,936	1,335	1.26%	168	291
DANIELS	146,570	1,334	0.91%	169	187
FIELDS	107,522	1,333	1.24%	170	288
TUCKER	167,446	1,306	0.78%	171	153
BURNS	165,925	1,294	0.78%	172	155
WARREN	152,147	1,278	0.84%	173	181
SIMPSON	163,181	1,273	0.78%	174	158
JENKINS	222,653	1,269	0.57%	175	102
PALMER	156,601	1,268	0.81%	176	172
CHARLES	61,211	1,267	2.07%	177	548
MYERS	229,895	1,264	0.55%	178	96
SULLIVAN	220,990	1,260	0.57%	179	105
LYNCH	117,708	1,259	1.07%	180	259
ARMSTRONG	135,044	1,256	0.93%	181	213
FRAZIER	92,152	1,253	1.36%	182	335
HUGHES	236,271	1,252	0.53%	183	90
ELLIS	188,968	1,247	0.66%	184	131
MILLS	151,942	1,246	0.82%	185	182
MOSES	39,216	1,239	3.16%	186	887
RAY	133,171	1,238	0.93%	187	220
LANE	134,227	1,235	0.92%	188	216
CRAWFORD	164,457	1,233	0.75%	189	156
KNIGHT	136,713	1,230	0.90%	190	209
MASON	160,213	1,218	0.76%	191	166
LAMBERT	93,678	1,218	1.30%	192	329
WELCH	108,987	1,210	1.11%	193	284
BYRD	92,904	1,208	1.30%	194	331
WASHINGTON	177,386	1,206	0.68%	195	145
LAWRENCE	129,699	1,206	0.93%	196	232
SHAW	160,400	1,203	0.75%	197	164
TRUJILLO	73,664	1,201	1.63%	198	448
HOLMES	156,780	1,192	0.76%	199	171
MORRISON	121,130	1,187	0.98%	200	250
TOLEDO	19,474	1,186	6.09%	201	1,841
OLSON	164,035	1,181	0.72%	202	157
GONZALEZ	841,025	1,177	0.14%	203	13
PORTER	163,054	1,174	0.72%	204	159
RILEY	133,872	1,165	0.87%	205	217
WHEELER	125,058	1,163	0.93%	206	243
COLEMAN	219,070	1,161	0.53%	207	107
LUCERO	39,986	1,156	2.89%	208	865
WOLFE	83,928	1,150	1.37%	209	374
DAY	105,091	1,135	1.08%	210	294
HUDSON	134,963	1,134	0.84%	211	214
FORD	184,832	1,127	0.61%	212	137
STANLEY	96,867	1,124	1.16%	213	321
BRADLEY	136,720	1,121	0.82%	214	208
WILLIE	5,025	1,119	22.27%	215	6,720
RAMIREZ	557,423	1,115	0.20%	216	28
WEBB	168,878	1,115	0.66%	217	152
MURRAY	184,910	1,109	0.60%	218	136
RICE	149,500	1,106	0.74%	219	184
NICHOLS	145,584	1,106	0.76%	220	189
MANN	83,510	1,102	1.32%	221	378
GORDON	161,833	1,100	0.68%	222	161
JOHNSTON	131,373	1,090	0.83%	223	225
FRANCISCO	24,095	1,084	4.50%	224	1,481
BILLIE	2,517	1,082	42.99%	225	12,351
KENNEDY	176,865	1,079	0.61%	226	146
ORTIZ	286,899	1,062	0.37%	227	68
BERRY	132,812	1,062	0.80%	228	222
CURTIS	101,801	1,049	1.03%	229	309
JEFFERSON	55,179	1,048	1.90%	230	615
DIAL	10,997	1,043	9.48%	231	3,287
CHAPMAN	127,939	1,036	0.81%	232	236
HALE	86,618	1,031	1.19%	233	362
AZURE	1,508	1,022	67.77%	234	18,366
HAMMONDS	12,710	1,016	7.99%	235	2,839
STEELE	88,230	1,015	1.15%	236	355
MONTOYA	71,844	1,006	1.40%	237	459
FOWLER	104,515	1,003	0.96%	238	299
WEBSTER	72,625	1,002	1.38%	239	453
HART	137,184	1,001	0.73%	240	207
FRANKLIN	120,621	1,001	0.83%	241	251
GARDNER	142,894	1,000	0.70%	242	194
JOSEPH	100,959	999	0.99%	243	313
CLOUD	14,555	997	6.85%	244	2,478
MCCOY	110,744	986	0.89%	245	278
BIRD	33,457	984	2.94%	246	1,041
HERRERA	192,711	983	0.51%	247	129
ROSE	153,397	982	0.64%	248	177
PETE	4,619	973	21.07%	249	7,228
AGUILAR	186,512	970	0.52%	250	134
STEPHENS	144,646	969	0.67%	251	190
MANUEL	27,529	966	3.51%	252	1,277
KEE	9,049	965	10.66%	253	3,932
HAWKINS	139,751	964	0.69%	254	200
HARDY	80,252	963	1.20%	255	399
LARGO	1,924	961	49.95%	256	15,268
PERKINS	131,440	960	0.73%	257	223
ANTONIO	15,461	959	6.20%	258	2,358
AUSTIN	119,706	958	0.80%	259	253
VALENZUELA	57,383	958	1.67%	260	584
GOMEZ	365,655	951	0.26%	261	51
JENSEN	115,679	949	0.82%	262	265
ETSITTY	975	936	96.00%	263	25,381
WOODY	18,434	935	5.07%	264	1,960
GRIFFIN	198,406	933	0.47%	265	122
KELLEY	140,693	929	0.66%	266	198
TIGER	2,428	924	38.06%	267	12,715
GREENE	126,101	921	0.73%	268	241
JOHNS	47,246	921	1.95%	269	739
LOWRY	24,895	911	3.66%	270	1,428
FERGUSON	146,426	908	0.62%	271	188
SHIRLEY	27,224	907	3.33%	272	1,292
ASHLEY	38,499	905	2.35%	273	900
CRUZ	334,201	902	0.27%	274	57
CARROLL	134,317	900	0.67%	275	215
ELLIOTT	135,765	896	0.66%	276	210
HARPER	124,461	896	0.72%	277	245
SHORTY	1,404	896	63.82%	278	19,291
BARTON	68,233	894	1.31%	279	488
TYLER	66,056	892	1.35%	280	509
HOPKINS	96,810	891	0.92%	281	322
ALVAREZ	233,983	889	0.38%	282	92
CLEVELAND	31,123	887	2.85%	283	1,127
LOWE	92,260	886	0.96%	284	334
CARPENTER	129,898	883	0.68%	285	231
STARR	30,363	881	2.90%	286	1,158
TORRES	437,813	876	0.20%	287	37
PROCTOR	35,636	870	2.44%	288	977
BEAR	8,252	869	10.53%	289	4,308
PLATERO	2,002	862	43.06%	290	14,814
BARNETT	95,681	861	0.90%	291	324
DICK	20,923	860	4.11%	292	1,718
OLIVER	115,900	858	0.74%	293	264
LYONS	84,516	854	1.01%	294	369
BECENTI	917	853	93.02%	295	26,576
VERDIN	5,515	851	15.43%	296	6,200
VALENCIA	70,000	847	1.21%	297	475
NORRIS	89,796	844	0.94%	298	346
MONROE	55,136	844	1.53%	299	617
BEN	3,386	843	24.90%	300	9,596
WAGNER	155,795	841	0.54%	301	173
BOWMAN	105,007	840	0.80%	302	296
DECOTEAU	2,194	837	38.15%	303	13,786
DUNN	141,427	834	0.59%	304	197
SNYDER	160,262	833	0.52%	305	165
PADILLA	105,365	832	0.79%	306	293
PAYNE	142,601	827	0.58%	307	195
ROY	53,159	819	1.54%	308	640
LIVINGSTON	42,103	817	1.94%	309	821
PABLO	6,462	814	12.60%	310	5,384
WATKINS	127,083	813	0.64%	311	240
VALDEZ	124,995	812	0.65%	312	244
CHARLIE	1,402	811	57.85%	313	19,306
HOWELL	112,041	807	0.72%	314	272
SHARP	78,990	806	1.02%	315	405
WILLIAMSON	114,959	805	0.70%	316	267
VIGIL	29,382	805	2.74%	317	1,205
BARBER	78,848	804	1.02%	318	406
POITRA	1,119	804	71.85%	319	22,880
PINO	10,993	800	7.28%	320	3,288
SLOAN	43,261	796	1.84%	321	800
EAGLE	8,325	795	9.55%	322	4,261
GILBERT	114,940	793	0.69%	323	268
REYES	327,904	787	0.24%	324	60
DENNY	17,503	782	4.47%	325	2,062
DEAN	114,030	775	0.68%	326	269
LAWSON	119,053	774	0.65%	327	256
CHASE	52,481	771	1.47%	328	649
ARNOLD	138,893	764	0.55%	329	201
MATTHEWS	131,303	762	0.58%	330	226
HOLT	87,531	762	0.87%	331	358
DAVID	44,040	762	1.73%	332	782
LARSON	122,587	760	0.62%	333	247
NORTON	63,722	758	1.19%	334	531
PERSON	67,411	755	1.12%	335	496
MAY	103,306	754	0.73%	336	304
RIVERS	38,662	754	1.95%	337	897
BLUE	24,341	752	3.09%	338	1,466
BALDWIN	80,742	751	0.93%	339	395
KIRK	54,394	751	1.38%	340	623
JACK	15,256	751	4.92%	341	2,382
HANSON	111,144	745	0.67%	342	276
BOONE	53,792	742	1.38%	343	632
HOFFMAN	131,401	736	0.56%	344	224
MCKINNEY	83,616	736	0.88%	345	377
COCHRAN	59,350	736	1.24%	346	567
WOLF	70,031	735	1.05%	347	474
GUTIERREZ	293,218	733	0.25%	348	67
WALTERS	89,376	733	0.82%	349	350
LOGAN	67,909	733	1.08%	350	492
JUAN	7,350	732	9.96%	351	4,808
GOODMAN	73,136	731	1.00%	352	451
FARMER	69,617	731	1.05%	353	480
MORENO	196,925	729	0.37%	354	124
MIKE	3,930	729	18.55%	355	8,408
BATES	95,622	727	0.76%	356	325
MCCABE	30,401	724	2.38%	357	1,154
CRAIG	92,507	722	0.78%	358	332
WADE	97,040	718	0.74%	359	319
ANDREW	13,764	716	5.20%	360	2,617
YELLOWHAIR	758	716	94.46%	361	30,735
ROBBINS	78,381	713	0.91%	362	410
DOUGLAS	101,458	710	0.70%	363	311
FRENCH	63,991	710	1.11%	364	525
BIA	859	709	82.54%	365	27,918
MAYNOR	4,732	709	14.98%	366	7,074
MONTGOMERY	115,953	707	0.61%	367	263
CROSS	77,557	706	0.91%	368	420
ALLISON	52,701	706	1.34%	369	646
RIVERA	391,114	704	0.18%	370	46
LEONARD	91,475	704	0.77%	371	338
JANIS	4,233	704	16.63%	372	7,821
CARR	119,076	703	0.59%	373	255
NEWMAN	101,931	703	0.69%	374	307
SALAZAR	152,703	702	0.46%	375	179
BURGESS	73,931	702	0.95%	376	444
BRADY	73,145	702	0.96%	377	450
MORAN	88,615	700	0.79%	378	353
CROWE	29,953	698	2.33%	379	1,172
DURAN	89,401	697	0.78%	380	349
CALDWELL	93,944	695	0.74%	381	327
FULLER	110,116	694	0.63%	382	281
SHERMAN	70,502	691	0.98%	383	469
MANYGOATS	737	691	93.76%	384	31,412
WATTS	89,649	690	0.77%	385	348
BUSH	84,018	689	0.82%	386	372
BELGARDE	1,198	689	57.51%	387	21,717
GREGORY	91,384	685	0.75%	388	339
WATCHMAN	940	684	72.77%	389	26,067
BEAVER	21,640	677	3.13%	390	1,665
HANSEN	137,977	676	0.49%	391	204
DAVIDSON	103,930	676	0.65%	392	301
SNOW	47,528	675	1.42%	393	734
PINTO	21,366	673	3.15%	394	1,687
SINGER	25,828	666	2.58%	395	1,366
BISHOP	116,618	665	0.57%	396	262
BURKE	122,877	664	0.54%	397	246
GARRETT	110,697	664	0.60%	398	279
BENSON	86,081	663	0.77%	399	365
MILES	84,942	663	0.78%	400	368
ARTHUR	28,102	663	2.36%	401	1,247
VAUGHN	88,060	660	0.75%	402	356
STRONG	45,432	659	1.45%	403	760
MORIN	29,593	657	2.22%	404	1,194
CUNNINGHAM	135,718	651	0.48%	405	211
TENORIO	8,629	651	7.54%	406	4,111
SPEARS	41,665	650	1.56%	407	830
WESLEY	23,135	639	2.76%	408	1,555
SANDERSON	24,384	639	2.62%	409	1,462
JOSE	10,697	636	5.95%	410	3,348
RANDALL	54,764	635	1.16%	411	621
HUBBARD	70,362	633	0.90%	412	470
SOLOMON	46,534	633	1.36%	413	745
REEVES	81,978	631	0.77%	414	390
SILVA	161,633	630	0.39%	415	163
BURNETTE	16,717	630	3.77%	416	2,172
PELTIER	7,140	628	8.80%	417	4,927
PATRICK	60,845	627	1.03%	418	552
PARRISH	49,733	627	1.26%	419	694
ENOS	8,097	627	7.74%	420	4,392
SUMMERS	56,953	626	1.10%	421	591
SIMS	113,374	624	0.55%	422	270
REID	111,360	624	0.56%	423	275
NEAL	91,694	624	0.68%	424	337
HENSON	48,013	624	1.30%	425	728
GOODWIN	72,451	623	0.86%	426	454
GORMAN	31,788	623	1.96%	427	1,100
UNDERWOOD	57,064	622	1.09%	428	588
BARRETT	100,104	621	0.62%	429	314
MOLINA	96,979	621	0.64%	430	320
DENNIS	78,482	620	0.79%	431	409
BLAKE	73,797	620	0.84%	432	447
SUTTON	90,964	619	0.68%	433	341
ADKINS	73,599	618	0.84%	434	449
HOLIDAY	6,881	618	8.98%	435	5,089
VASQUEZ	212,781	617	0.29%	436	113
RYAN	143,452	617	0.43%	437	193
PRATT	61,671	617	1.00%	438	541
FLETCHER	83,063	615	0.74%	439	382
HORN	52,138	615	1.18%	440	655
BUCK	42,639	610	1.43%	441	812
ABEITA	936	610	65.17%	442	26,143
TERRY	87,000	609	0.70%	443	361
MANNING	74,949	607	0.81%	444	434
SHELTON	90,517	606	0.67%	445	344
LINCOLN	16,477	606	3.68%	446	2,209
REVELS	4,683	605	12.92%	447	7,141
BRUCE	53,419	604	1.13%	448	636
CODY	19,600	604	3.08%	449	1,828
HOUSE	41,000	603	1.47%	450	844
HARDIN	42,469	599	1.41%	451	817
GRAVES	84,179	598	0.71%	452	371
DALE	29,757	598	2.01%	453	1,188
DEESE	6,626	598	9.03%	454	5,265
TATE	71,058	597	0.84%	455	467
MASSEY	55,595	595	1.07%	456	610
PARKS	88,586	594	0.67%	457	354
JENNINGS	89,700	592	0.66%	458	347
CARLSON	120,552	591	0.49%	459	252
BECK	93,786	591	0.63%	460	328
ARVISO	1,221	590	48.32%	461	21,413
FAIRBANKS	9,466	589	6.22%	462	3,743
HORTON	85,195	588	0.69%	463	367
NAKAI	1,205	588	48.80%	464	21,633
HOLLAND	102,538	584	0.57%	465	305
MENDOZA	242,771	583	0.24%	466	88
PATTON	66,293	583	0.88%	467	506
HENDRICKS	43,197	583	1.35%	468	802
WATERS	67,929	577	0.85%	469	491
WAUNEKA	591	569	96.28%	470	37,646
MCDANIEL	88,728	568	0.64%	471	352
CLY	698	568	81.38%	472	32,865
BARKER	87,162	567	0.65%	473	360
SMALL	40,212	567	1.41%	474	861
CROW	24,089	566	2.35%	475	1,482
MEDINA	188,497	565	0.30%	476	133
HOULE	8,364	565	6.76%	477	4,239
BURTON	110,529	564	0.51%	478	280
POTTER	72,175	563	0.78%	479	457
VANN	15,416	563	3.65%	480	2,366
RHODES	90,670	562	0.62%	481	343
GOINS	22,837	562	2.46%	482	1,574
BACA	28,082	562	2.00%	483	1,249
LUCAS	107,690	560	0.52%	484	286
PACHECO	77,642	559	0.72%	485	419
DIAZ	347,636	556	0.16%	486	55
DANIEL	80,526	556	0.69%	487	396
TANNER	48,813	556	1.14%	488	709
TELLER	3,814	556	14.58%	489	8,623
HOOD	55,174	552	1.00%	490	616
CHAMBERS	94,988	551	0.58%	491	326
ALBERT	32,507	549	1.69%	492	1,076
RAMSEY	78,350	548	0.70%	493	412
TOWNSEND	69,360	548	0.79%	494	483
ORTEGA	127,256	547	0.43%	495	239
HARMON	74,737	546	0.73%	496	438
ISAAC	18,903	546	2.89%	497	1,898
SKENANDORE	775	546	70.45%	498	30,222
RIGGS	34,506	545	1.58%	499	1,011
MCGEE	74,542	544	0.73%	500	439
LUJAN	22,021	544	2.47%	501	1,637
LESTER	44,784	542	1.21%	502	768
PAGE	82,992	539	0.65%	503	383
SIMON	80,460	539	0.67%	504	397
APACHITO	550	539	98.00%	505	39,887
CHANDLER	79,186	538	0.68%	506	404
SHEPHERD	60,479	538	0.89%	507	557
HOWE	42,265	537	1.27%	508	820
GOULD	38,924	537	1.38%	509	891
BEDONIE	549	537	97.81%	510	39,960
BOWEN	78,822	536	0.68%	511	407
OWEN	61,630	536	0.87%	512	543
BARNEY	16,404	535	3.26%	513	2,224
MIGUEL	10,861	532	4.90%	514	3,303
YORK	53,059	531	1.00%	515	642
MELTON	50,069	531	1.06%	516	688
MORALES	311,777	530	0.17%	517	63
DENNISON	14,629	530	3.62%	518	2,465
SLIM	862	530	61.48%	519	27,845
SILVERSMITH	802	529	65.96%	520	29,447
RUIZ	238,234	524	0.22%	521	89
GRIFFITH	78,260	524	0.67%	522	414
KEITH	48,487	524	1.08%	523	718
BLAIR	78,026	523	0.67%	524	416
MOSS	76,908	523	0.68%	525	423
WILKINS	58,634	522	0.89%	526	570
THORNTON	83,967	521	0.62%	527	373
BOOTH	49,402	519	1.05%	528	697
HICKMAN	41,163	519	1.26%	529	838
WHITEMAN	7,642	518	6.78%	530	4,645
CORNELIUS	20,160	518	2.57%	531	1,775
DODSON	37,566	518	1.38%	532	927
BEIL	59,463	517	0.87%	533	565
CALABAZA	546	514	94.14%	534	40,144
WARNER	83,781	511	0.61%	535	375
MCBRIDE	63,899	511	0.80%	536	527
MCMILLAN	40,237	511	1.27%	537	860
MORTON	59,213	509	0.86%	538	568
POWERS	91,970	506	0.55%	539	336
MALONE	71,286	506	0.71%	540	465
MANUELITO	553	506	91.50%	541	39,717
BALLARD	61,625	505	0.82%	542	544
POTTS	38,277	505	1.32%	543	902
NEWTON	74,092	504	0.68%	544	443
SAUNDERS	69,943	504	0.72%	545	476
SWAN	23,001	504	2.19%	546	1,564
RAMOS	263,464	501	0.19%	547	76
HENSLEY	51,081	501	0.98%	548	668
SCHMIDT	147,034	500	0.34%	549	185
HAMPTON	69,472	500	0.72%	550	482
HAWK	16,884	500	2.96%	551	2,149
HAYNES	85,974	499	0.58%	552	366
PRESTON	47,367	497	1.05%	553	736
DILLON	50,465	495	0.98%	554	683
BREWINGTON	5,366	495	9.22%	555	6,352
SHORT	57,477	494	0.86%	556	581
EMERSON	30,702	494	1.61%	557	1,145
PARFAIT	1,117	494	44.23%	558	22,906
MOODY	64,429	490	0.76%	559	519
AMOS	23,621	489	2.07%	560	1,517
DARDAR	1,111	489	44.01%	561	23,002
TODD	71,759	488	0.68%	562	460
RODGERS	76,095	487	0.64%	563	428
WISE	68,649	487	0.71%	564	485
CLAW	518	485	93.63%	565	41,959
FISH	24,924	484	1.94%	566	1,425
BURRIS	26,760	484	1.81%	567	1,312
SHIELDS	50,832	483	0.95%	568	672
ROCK	19,313	483	2.50%	569	1,859
NICHOLAS	27,922	483	1.73%	570	1,258
HAMMOND	69,515	480	0.69%	571	481
DICKSON	35,312	480	1.36%	572	986
PESHLAKAI	526	480	91.25%	573	41,359
WHITEHORSE	567	480	84.66%	574	38,902
NAQUIN	4,617	478	10.35%	575	7,230
ARAGON	25,801	475	1.84%	576	1,367
DAWSON	83,182	474	0.57%	577	380
FLEMING	90,677	472	0.52%	578	342
TAFOYA	10,114	470	4.65%	579	3,532
NASH	58,714	470	0.80%	580	569
SPARKS	63,440	469	0.74%	581	533
ERICKSON	82,085	468	0.57%	582	389
ALEXIE	627	468	74.64%	583	35,812
FINLEY	37,672	467	1.24%	584	922
CASEY	66,556	466	0.70%	585	504
BROCK	61,369	466	0.76%	586	546
MCKAY	38,681	464	1.20%	587	895
CLAY	48,844	459	0.94%	588	708
BARR	44,130	459	1.04%	589	781
MCINTOSH	42,379	458	1.08%	590	819
ROANHORSE	499	458	91.78%	591	43,285
HAIL	86,240	457	0.53%	592	364
COLBERT	22,940	457	1.99%	593	1,570
BORDEAUX	3,138	456	14.53%	594	10,274
BANKS	105,833	455	0.43%	595	292
JIMENEZ	227,118	454	0.20%	596	100
KELLER	98,268	452	0.46%	597	317
FLOYD	66,454	452	0.68%	598	505
SILAS	4,729	452	9.56%	599	7,080
CHRISTENSEN	75,143	451	0.60%	600	433
PARSONS	67,310	451	0.67%	601	498
OLSEN	59,356	451	0.76%	602	566
MOON	45,528	451	0.99%	603	758
JAKE	948	451	47.57%	604	25,924
BURNETT	60,791	450	0.74%	605	554
GIBBS	65,064	449	0.69%	606	515
HIGGINS	79,803	447	0.56%	607	400
FOREMAN	28,605	446	1.56%	608	1,234
HOOPER	34,247	445	1.30%	609	1,020
CARSON	56,872	444	0.78%	610	593
MARKS	49,177	443	0.90%	611	703
SELLERS	42,577	443	1.04%	612	814
GLASS	41,802	443	1.06%	613	823
DRAPER	24,337	443	1.82%	614	1,467
CASTRO	184,134	442	0.24%	615	138
PERSAUD	11,956	442	3.70%	616	3,000
GILL	74,948	442	0.59%	617	435
MCKENZIE	59,595	441	0.74%	618	563
BLEVINS	38,229	440	1.15%	619	906
OBRIEN	118,557	439	0.37%	620	258
BASS	57,044	439	0.77%	621	589
WILCOX	56,286	439	0.78%	622	602
MEYER	150,895	438	0.29%	623	183
CLINE	50,258	437	0.87%	624	684
REDHOUSE	510	437	85.69%	625	42,511
WALL	53,794	436	0.81%	626	631
MAXWELL	67,961	435	0.64%	627	490
MARIANO	9,091	434	4.77%	628	3,904
OSBORNE	66,827	434	0.65%	629	502
LINDSEY	63,760	434	0.68%	630	529
PRINCE	47,168	434	0.92%	631	743
FRY	38,029	434	1.14%	632	909
STAFFORD	46,394	431	0.93%	633	747
FASTHORSE	487	431	88.50%	634	44,193
GOLDTOOTH	452	431	95.35%	635	47,006
SCHULTZ	104,888	430	0.41%	636	297
BOND	50,610	430	0.85%	637	679
SILVER	22,052	430	1.95%	638	1,632
LUNA	104,518	429	0.41%	639	298
REESE	73,919	429	0.58%	640	445
HARRINGTON	66,959	429	0.64%	641	500
NORMAN	67,704	427	0.63%	642	495
LAPOINTE	8,894	427	4.80%	643	3,995
KINNEY	31,558	426	1.35%	644	1,113
GILMORE	48,719	424	0.87%	645	714
LOVE	82,873	423	0.51%	646	385
HERMAN	41,750	422	1.01%	647	826
BEAULIEU	10,695	421	3.94%	648	3,349
GARRISON	50,686	421	0.83%	649	677
PEARSON	101,836	418	0.41%	650	308
KINGBIRD	477	418	87.63%	651	44,957
WHITEEAGLE	542	418	77.12%	652	40,371
COBB	65,125	417	0.64%	653	514
HINTON	35,606	417	1.17%	654	979
CANTRELL	35,266	416	1.18%	655	988
DAWES	6,383	415	6.50%	656	5,452
GUY	28,852	413	1.43%	657	1,227
GARZA	147,005	412	0.28%	658	186
KHAN	76,171	411	0.54%	659	427
CHRISTIE	18,681	411	2.20%	660	1,931
QUINTANA	37,657	410	1.09%	661	923
RIOS	127,794	409	0.32%	662	237
MORROW	56,840	409	0.72%	663	594
MCCLOUD	15,783	409	2.59%	664	2,313
CLIFFORD	22,245	409	1.84%	665	1,618
TRACY	29,867	409	1.37%	666	1,180
DUBRAY	963	407	42.26%	667	25,620
STEVENSON	75,169	406	0.54%	668	432
PENA	130,776	405	0.31%	669	227
WARE	49,316	404	0.82%	670	700
BRAYBOY	1,446	404	27.94%	671	18,888
CAMERON	55,240	403	0.73%	672	614
SMART	25,528	403	1.58%	673	1,388
ADAIR	18,708	402	2.15%	674	1,927
ZEPHIER	505	402	79.60%	675	42,858
GARNER	74,324	401	0.54%	676	442
GATES	52,569	400	0.76%	677	648
HEATH	51,877	399	0.77%	678	660
SAVAGE	49,914	399	0.80%	679	690
MARQUEZ	107,533	398	0.37%	680	287
ROWE	69,879	398	0.57%	681	478
ETCITTY	420	398	94.76%	682	49,914
MCLAUGHLIN	74,816	397	0.53%	683	437
COPELAND	55,850	397	0.71%	684	609
CASE	39,319	397	1.01%	685	885
BOWERS	66,003	396	0.60%	686	511
MCCLURE	47,742	396	0.83%	687	731
FROST	42,015	395	0.94%	688	822
RIDDLE	33,507	395	1.18%	689	1,036
UPSHAW	7,401	395	5.34%	690	4,778
LEBEAU	4,958	394	7.95%	691	6,801
BURBANK	5,240	394	7.52%	692	6,480
WEBER	109,433	394	0.36%	693	283
MIRANDA	93,628	393	0.42%	694	330
HODGES	70,223	393	0.56%	695	471
HOBBS	48,522	393	0.81%	696	717
LOVATO	8,293	393	4.74%	697	4,289
LARSEN	55,960	392	0.70%	698	606
KIRBY	53,767	392	0.73%	699	633
LEACH	44,581	392	0.88%	700	772
BLACKWATER	438	392	89.50%	701	48,256
BRIGGS	58,408	391	0.67%	702	572
POPE	63,881	390	0.61%	703	528
BARLOW	33,335	390	1.17%	704	1,047
MCGHEE	23,461	389	1.66%	705	1,529
COOKE	33,223	389	1.17%	706	1,056
MENDEZ	161,717	388	0.24%	707	162
HUFF	55,484	388	0.70%	708	612
YELLOWHORSE	439	388	88.38%	709	48,160
GUTHRIE	31,956	387	1.21%	710	1,095
DAVENPORT	55,895	386	0.69%	711	608
HOGAN	63,085	385	0.61%	712	536
RANSOM	16,871	385	2.28%	713	2,150
STOUT	43,305	385	0.89%	714	798
GODWIN	22,628	385	1.70%	715	1,583
CANNON	71,085	384	0.54%	716	466
JOJOLA	1,052	384	36.50%	717	23,978
BALL	66,059	383	0.58%	718	508
DAUGHERTY	34,987	381	1.09%	719	997
BUCHANAN	66,648	380	0.57%	720	503
FLYNN	63,400	380	0.60%	721	534
DRAKE	61,162	379	0.62%	722	549
RAYMOND	40,275	379	0.94%	723	857
WASHBURN	20,030	379	1.89%	724	1,793
LAKE	32,104	379	1.18%	725	1,091
WHIPPLE	13,850	378	2.73%	726	2,602
ROACH	45,019	378	0.84%	727	764
ESTES	36,318	378	1.04%	728	956
WALTON	73,854	377	0.51%	729	446
MACK	71,056	377	0.53%	730	468
CAREY	56,322	377	0.67%	731	601
MATHEWS	51,592	377	0.73%	732	663
WINTERS	44,914	377	0.84%	733	766
LAMERE	2,760	377	13.66%	734	11,415
TSINNIJINNIE	394	377	95.69%	735	52,619
SOTO	144,451	376	0.26%	736	191
SMILEY	19,829	375	1.89%	737	1,812
DONEY	2,743	375	13.67%	738	11,474
INGRAM	69,345	374	0.54%	739	484
MULLINS	71,646	373	0.52%	740	463
TALLMAN	8,174	373	4.56%	741	4,341
SNELL	22,177	373	1.68%	742	1,623
BACON	29,860	373	1.25%	743	1,181
EMANUEL	6,517	372	5.71%	744	5,340
SANTOS	137,232	371	0.27%	745	206
MCKEE	44,137	371	0.84%	746	780
PRITCHETT	19,334	371	1.92%	747	1,856
PARISIEN	797	371	46.55%	748	29,581
CHINO	1,778	370	20.81%	749	16,238
NADEAU	12,236	370	3.02%	750	2,929
CONNER	64,572	368	0.57%	751	518
HOOVER	57,497	368	0.64%	752	580
HOSKIE	523	368	70.36%	753	41,579
CORIZ	519	367	70.71%	754	41,886
BILL	5,246	367	7.00%	755	6,474
CAIN	60,948	366	0.60%	756	551
DOYLE	74,458	365	0.49%	757	441
BENJAMIN	40,590	365	0.90%	758	850
MATT	4,337	365	8.42%	759	7,658
HADLEY	21,771	364	1.67%	760	1,653
LANG	61,529	363	0.59%	761	545
FLOWERS	57,549	363	0.63%	762	578
BLACKWELL	47,175	363	0.77%	763	741
FRIDAY	6,980	363	5.20%	764	5,029
SAGE	11,207	362	3.23%	765	3,222
QUINN	76,986	362	0.47%	766	422
FRYE	36,973	362	0.98%	767	937
CARNEY	32,897	362	1.10%	768	1,066
NICHOLSON	58,151	361	0.62%	769	575
WESTON	25,637	361	1.41%	770	1,380
MCGUIRE	64,327	360	0.56%	771	521
BRYAN	57,143	360	0.63%	772	585
MARK	14,265	359	2.52%	773	2,537
EATON	47,184	359	0.76%	774	740
HOUSTON	56,900	358	0.63%	775	592
PITTMAN	55,021	358	0.65%	776	619
ROWLAND	35,121	358	1.02%	777	993
HATCH	26,903	358	1.33%	778	1,304
SKINNER	54,046	357	0.66%	779	627
FELIX	40,165	357	0.89%	780	863
PIKE	26,655	357	1.34%	781	1,318
CRANK	4,204	357	8.49%	782	7,873
RAMON	11,582	356	3.07%	783	3,108
STJOHN	15,843	356	2.25%	784	2,303
BLACKBURN	39,097	356	0.91%	785	889
SEYMOUR	25,436	356	1.40%	786	1,394
MARSH	62,304	355	0.57%	787	537
ONEAL	47,979	355	0.74%	788	729
SWANSON	76,897	354	0.46%	789	424
HOLLOWAY	58,040	354	0.61%	790	576
MEYERS	57,127	354	0.62%	791	586
LANGLEY	27,252	354	1.30%	792	1,289
DODGE	22,035	353	1.60%	793	1,635
DUBOIS	23,366	353	1.51%	794	1,539
CURRY	74,919	352	0.47%	795	436
VICTOR	11,234	351	3.12%	796	3,214
HINES	71,717	351	0.49%	797	462
HUTCHINSON	48,781	351	0.72%	798	710
PLUMMER	25,596	351	1.37%	799	1,382
GUERRA	70,071	350	0.50%	800	473
WYATT	52,211	350	0.67%	801	653
DALTON	52,184	350	0.67%	802	654
HARDING	39,787	350	0.88%	803	871
PEDRO	6,649	350	5.26%	804	5,246
DAMON	7,555	349	4.62%	805	4,695
WEEKS	41,565	349	0.84%	806	831
ABBOTT	52,739	348	0.66%	807	645
FOOTE	16,425	347	2.11%	808	2,219
MCNEILL	19,152	347	1.81%	809	1,875
VELASQUEZ	80,364	346	0.43%	810	398
BRADFORD	54,015	346	0.64%	811	628
GREGG	25,554	345	1.35%	812	1,386
BERRYHILL	5,733	345	6.02%	813	5,996
BLACKBEAR	395	345	87.34%	814	52,482
HODGE	52,920	344	0.65%	815	643
CORDOVA	45,305	344	0.76%	816	762
FALCON	15,125	343	2.27%	817	2,398
SHEPARD	39,430	343	0.87%	818	882
TOYA	542	343	63.28%	819	40,371
YATES	63,254	342	0.54%	820	535
ANTHONY	55,114	342	0.62%	821	618
ORR	44,388	342	0.77%	822	774
BEAN	37,571	342	0.91%	823	926
BIGMAN	500	341	68.20%	824	43,206
PETER	9,191	340	3.70%	825	3,859
FREDERICK	41,394	339	0.82%	826	833
SALT	1,102	339	30.76%	827	23,153
COLLIER	56,380	338	0.60%	828	599
DOWNING	28,880	338	1.17%	829	1,225
BLANKENSHIP	43,830	337	0.77%	830	787
BENTON	37,912	337	0.89%	831	912
DEAL	20,366	336	1.65%	832	1,760
GALLEGOS	68,373	335	0.49%	833	486
SPAULDING	18,902	335	1.77%	834	1,899
VINCENT	53,095	334	0.63%	835	641
MCGIRT	1,534	334	21.77%	836	18,144
EVAN	2,021	333	16.48%	837	14,706
MUNOZ	158,483	333	0.21%	838	168
SCHROEDER	67,977	333	0.49%	839	489
KEY	33,501	332	0.99%	840	1,037
KNOX	44,742	331	0.74%	841	769
VALLO	1,234	330	26.74%	842	21,251
FACTOR	1,809	330	18.24%	843	16,031
CLAH	353	330	93.48%	844	57,639
NOTAH	355	329	92.68%	845	57,372
HUMPHREY	49,056	329	0.67%	846	705
STEPHENSON	47,641	329	0.69%	847	733
CARRILLO	91,129	328	0.36%	848	340
DECKER	56,576	328	0.58%	849	597
WILKINSON	53,739	328	0.61%	850	634
CADOTTE	795	328	41.26%	851	29,626
WIGGINS	50,247	327	0.65%	852	685
FERNANDEZ	180,842	326	0.18%	853	142
NUNEZ	125,350	326	0.26%	854	242
MERRILL	32,620	326	1.00%	855	1,073
RUTHERFORD	28,079	326	1.16%	856	1,250
WILKIE	7,116	326	4.58%	857	4,947
LONGIE	525	326	62.10%	858	41,426
LAVALLIE	647	325	50.23%	859	34,878
CONTRERAS	130,164	325	0.25%	860	229
STCLAIR	14,590	325	2.23%	861	2,469
AUGUSTINE	14,268	324	2.27%	862	2,536
LAMB	59,913	324	0.54%	863	561
WHITEHEAD	44,373	324	0.73%	864	776
BEARD	48,207	323	0.67%	865	721
MARTELL	11,158	322	2.89%	866	3,234
KAYE	8,627	322	3.73%	867	4,113
GLENN	51,043	322	0.63%	868	669
GLOVER	66,858	321	0.48%	869	501
MAYO	35,228	321	0.91%	870	989
SELF	23,595	321	1.36%	871	1,520
LESLIE	25,078	321	1.28%	872	1,417
LEON	86,363	320	0.37%	873	363
MATHIS	54,217	320	0.59%	874	625
CHRISTIAN	54,198	320	0.59%	875	626
BEASLEY	47,693	320	0.67%	876	732
GAMBLE	34,005	320	0.94%	877	1,024
LUSSIER	4,786	320	6.69%	878	6,999
SEXTON	43,133	319	0.74%	879	804
FIXICO	418	319	76.32%	880	50,106
KEMP	46,146	318	0.69%	881	753
HULL	43,018	318	0.74%	882	807
MCCONNELL	39,754	318	0.80%	883	872
HOPPER	27,353	317	1.16%	884	1,281
OSCEOLA	429	317	73.89%	885	49,087
WALLS	41,025	316	0.77%	886	842
WARRIOR	1,182	316	26.73%	887	21,960
HESS	59,486	315	0.53%	888	564
MERRITT	45,594	315	0.69%	889	756
PRUITT	44,365	315	0.71%	890	777
CONWAY	44,320	315	0.71%	891	779
HAMMER	21,709	315	1.45%	892	1,661
GENTRY	43,027	314	0.73%	893	806
WHITEHAIR	1,603	314	19.59%	894	17,551
VARGAS	173,835	313	0.18%	895	148
PHELPS	52,044	312	0.60%	896	657
KAUR	48,753	312	0.64%	897	711
WILEY	48,720	312	0.64%	898	713
PIERRE	33,913	312	0.92%	899	1,026
COOLEY	33,231	312	0.94%	900	1,054
MEEKS	29,457	312	1.06%	901	1,202
RIDER	16,352	311	1.90%	902	2,227
SUTHERLAND	29,585	311	1.05%	903	1,195
BOYER	50,742	310	0.61%	904	676
WHITMAN	19,399	310	1.60%	905	1,851
FULTON	32,258	310	0.96%	906	1,083
GOURNEAU	451	310	68.74%	907	47,107
ATCITTY	336	310	92.26%	908	60,045
TWOBULLS	326	309	94.79%	909	61,585
COMBS	54,257	309	0.57%	910	624
BAXTER	49,033	309	0.63%	911	706
QUINTERO	41,158	309	0.75%	912	839
SHELDON	19,339	309	1.60%	913	1,855
BOSWELL	22,540	309	1.37%	914	1,591
JIMERSON	3,548	309	8.71%	915	9,192
DAN	2,599	309	11.89%	916	12,012
CONLEY	55,917	308	0.55%	917	607
NARANJO	15,658	308	1.97%	918	2,328
HANCOCK	50,558	308	0.61%	919	681
VANCE	47,324	308	0.65%	920	737
YOUNGBLOOD	18,197	308	1.69%	921	1,982
NOBLE	41,667	308	0.74%	922	829
ALVARADO	133,501	307	0.23%	923	219
RICHARD	53,893	307	0.57%	924	629
DYER	47,170	307	0.65%	925	742
ALI	60,002	306	0.51%	926	559
SELLS	8,633	306	3.54%	927	4,110
CAVANAUGH	17,577	306	1.74%	928	2,049
POWLESS	902	306	33.92%	929	26,910
ATKINS	51,671	305	0.59%	930	662
MCDOWELL	49,217	305	0.62%	931	702
YELLOWMAN	310	304	98.06%	932	64,200
ESPINOZA	112,154	303	0.27%	933	271
GREY	12,680	303	2.39%	934	2,845
BROWNING	43,329	303	0.70%	935	797
MCLEAN	43,260	303	0.70%	936	801
MCCARTY	36,944	303	0.82%	937	939
WYNN	29,417	303	1.03%	938	1,203
BUCKLEY	41,348	302	0.73%	939	834
BLANCHARD	37,695	302	0.80%	940	920
HANEY	33,898	302	0.89%	941	1,027
GOLDEN	49,360	301	0.61%	942	699
CLAYTON	56,638	300	0.53%	943	595
COTTON	33,374	300	0.90%	944	1,044
CHILDERS	30,570	300	0.98%	945	1,150
BECKER	87,859	299	0.34%	946	357
ENGLAND	29,926	299	1.00%	947	1,174
PADDOCK	5,272	299	5.67%	948	6,441
ISHAM	4,139	298	7.20%	949	7,988
DOMINGUEZ	119,304	298	0.25%	950	254
ARCHULETA	13,248	298	2.25%	951	2,717
SARRACINO	669	298	44.54%	952	33,990
HOSTEEN	313	297	94.89%	953	63,698
ROBLES	82,458	297	0.36%	954	386
EASTMAN	16,791	297	1.77%	955	2,162
KENT	44,325	297	0.67%	956	778
AVERY	39,564	297	0.75%	957	878
WILKERSON	48,444	296	0.61%	958	719
CHURCH	36,072	296	0.82%	959	966
TUBBY	478	296	61.92%	960	44,872
CORTEZ	101,694	295	0.29%	961	310
POLK	27,094	295	1.09%	962	1,296
HARLEY	12,186	294	2.41%	963	2,943
ATKINSON	53,376	294	0.55%	964	637
MOSLEY	47,963	293	0.61%	965	730
TONEY	18,787	293	1.56%	966	1,919
FARLEY	38,528	293	0.76%	967	898
BRAY	34,906	293	0.84%	968	1,003
DEMERY	2,516	293	11.65%	969	12,357
ARCHAMBAULT	4,391	293	6.67%	970	7,566
DEE	6,275	293	4.67%	971	5,535
WERITO	316	293	92.72%	972	63,218
ROBERSON	56,180	292	0.52%	973	605
STARK	41,735	292	0.70%	974	827
CROSBY	40,563	292	0.72%	975	851
LOCKWOOD	19,865	292	1.47%	976	1,806
COKER	23,348	292	1.25%	977	1,541
GRIMES	50,245	291	0.58%	978	686
THUNDER	512	291	56.84%	979	42,378
LEBLANC	42,575	290	0.68%	980	815
FISCHER	72,357	289	0.40%	981	455
OSBORN	32,439	289	0.89%	982	1,078
CHISCHILLY	322	289	89.75%	983	62,189
HARTMAN	64,106	288	0.45%	984	524
RANDOLPH	41,129	288	0.70%	985	840
SHEPPARD	36,960	288	0.78%	986	938
WHITNEY	35,118	288	0.82%	987	994
HARRY	9,311	286	3.07%	988	3,802
SARGENT	27,786	286	1.03%	989	1,265
LADUCER	384	286	74.48%	990	53,802
LUPE	596	286	47.99%	991	37,391
ATTAKAI	296	285	96.28%	992	66,754
LOUIS	23,738	285	1.20%	993	1,510
BARTLETT	43,648	284	0.65%	994	791
HENDRICKSON	30,259	284	0.94%	995	1,162
BETTELYOUN	413	284	68.77%	996	50,564
GUERRERO	128,677	283	0.22%	997	234
OCHOA	78,677	283	0.36%	998	408
FARRELL	52,321	283	0.54%	999	652
BRUNER	15,898	283	1.78%	1,000	2,292
BURCH	36,269	283	0.78%	1,001	958
LLOYD	64,202	282	0.44%	1,002	522
RENVILLE	567	282	49.74%	1,003	38,902
PONCHO	366	281	76.78%	1,004	55,962
BERNARD	38,512	281	0.73%	1,005	899
MINER	21,439	281	1.31%	1,006	1,683
SEPULVADO	1,370	281	20.51%	1,007	19,671
DRIVER	15,442	280	1.81%	1,008	2,361
ATENE	322	280	86.96%	1,009	62,189
BRIDGES	53,682	279	0.52%	1,010	635
SAWYER	49,028	279	0.57%	1,011	707
COON	17,097	279	1.63%	1,012	2,116
BUNCH	22,117	279	1.26%	1,013	1,629
HOLDEN	34,824	279	0.80%	1,014	1,008
LUTHER	13,906	278	2.00%	1,015	2,589
FITCH	19,060	278	1.46%	1,016	1,885
DELORME	1,969	278	14.12%	1,017	15,002
DEFOE	1,848	278	15.04%	1,018	15,771
BUFFALO	922	278	30.15%	1,019	26,471
REDBIRD	322	278	86.34%	1,020	62,189
DOXTATOR	498	278	55.82%	1,021	43,369
MESTETH	330	277	83.94%	1,022	60,960
STOKES	61,639	277	0.45%	1,023	542
RICH	49,481	277	0.56%	1,024	696
EVERETT	39,593	277	0.70%	1,025	876
CHARETTE	4,121	277	6.72%	1,026	8,032
QUICK	25,091	276	1.10%	1,027	1,416
DURHAM	43,635	275	0.63%	1,028	792
NIXON	38,147	275	0.72%	1,029	907
CHILDS	28,359	275	0.97%	1,030	1,242
HOMER	6,198	275	4.44%	1,031	5,610
NOSIE	321	275	85.67%	1,032	62,359
BITSUI	285	275	96.49%	1,033	68,949
STAPLES	17,217	274	1.59%	1,034	2,104
EMERY	25,839	274	1.06%	1,035	1,365
SCHNEIDER	101,290	273	0.27%	1,036	312
WOODARD	46,240	273	0.59%	1,037	750
BULLOCK	44,740	273	0.61%	1,038	770
MICHAEL	40,736	273	0.67%	1,039	847
HALEY	37,858	273	0.72%	1,040	917
ROUSE	26,519	273	1.03%	1,041	1,330
BERCIER	645	273	42.33%	1,042	34,967
TUTTLE	27,751	272	0.98%	1,043	1,267
RUSH	39,802	271	0.68%	1,044	869
SAMUELS	22,207	271	1.22%	1,045	1,621
SEARS	32,206	271	0.84%	1,046	1,085
BELLANGER	1,090	271	24.86%	1,047	23,354
COFFEY	36,423	270	0.74%	1,048	955
TALLEY	30,014	270	0.90%	1,049	1,170
ACOSTA	103,418	269	0.26%	1,050	302
MCCRAY	28,024	269	0.96%	1,051	1,252
ABEYTA	6,046	269	4.45%	1,052	5,734
CALLAHAN	50,524	268	0.53%	1,053	682
KERR	44,711	268	0.60%	1,054	771
KETCHER	810	268	33.09%	1,055	29,231
MCCORMICK	63,649	267	0.42%	1,056	532
LYNN	37,644	267	0.71%	1,057	924
PATE	29,327	267	0.91%	1,058	1,208
HAWLEY	18,100	266	1.47%	1,059	1,993
TERRELL	35,408	266	0.75%	1,060	983
DUDLEY	35,781	265	0.74%	1,061	972
GRASS	4,567	265	5.80%	1,062	7,301
ABRAHAMSON	4,948	265	5.36%	1,063	6,817
BRIEN	2,882	265	9.20%	1,064	11,031
ROUBIDEAUX	329	265	80.55%	1,065	61,123
JIMMIE	446	265	59.42%	1,066	47,521
DELGARITO	277	264	95.31%	1,067	70,645
DECLAY	267	264	98.88%	1,068	72,771
ENGLISH	46,393	264	0.57%	1,069	748
BRITT	31,474	264	0.84%	1,070	1,115
MADISON	28,411	264	0.93%	1,071	1,241
SWEET	30,051	264	0.88%	1,072	1,169
GUINN	12,577	263	2.09%	1,073	2,868
BROWER	14,950	262	1.75%	1,074	2,423
MEANS	16,203	262	1.62%	1,075	2,247
MCCAULEY	24,743	262	1.06%	1,076	1,442
BEACH	30,867	262	0.85%	1,077	1,137
TILLMAN	30,825	262	0.85%	1,078	1,139
MONTE	4,560	262	5.75%	1,079	7,317
CATRON	6,501	262	4.03%	1,080	5,356
HANKS	17,498	261	1.49%	1,081	2,066
MALONEY	30,671	261	0.85%	1,082	1,149
HENIO	270	261	96.67%	1,083	72,105
RAMONE	439	259	59.00%	1,084	48,160
CLARKE	68,281	259	0.38%	1,085	487
IRVING	14,896	259	1.74%	1,086	2,433
HARRELL	50,837	259	0.51%	1,087	671
WALTER	48,024	259	0.54%	1,088	727
FERRIS	20,703	259	1.25%	1,089	1,732
ARCHER	34,949	259	0.74%	1,090	1,000
LITTLEJOHN	12,047	258	2.14%	1,091	2,976
NOLAN	46,054	258	0.56%	1,092	754
DUNLAP	39,063	258	0.66%	1,093	890
FEATHER	2,674	258	9.65%	1,094	11,719
TAPAHA	264	258	97.73%	1,095	73,464
SECATERO	267	257	96.25%	1,096	72,771
GOSEYUN	269	257	95.54%	1,097	72,332
VEGA	116,673	257	0.22%	1,098	261
OCONNOR	77,923	257	0.33%	1,099	417
PETERSEN	58,480	257	0.44%	1,100	571
GREER	57,043	257	0.45%	1,101	590
BUTCHER	22,978	257	1.12%	1,102	1,567
DUCHENEAUX	370	257	69.46%	1,103	55,505
THUNDERHAWK	317	257	81.07%	1,104	63,068
ESCALANTE	20,626	256	1.24%	1,105	1,736
WALDEN	24,821	256	1.03%	1,106	1,435
CHANEY	33,201	256	0.77%	1,107	1,059
JUMPER	3,360	256	7.62%	1,108	9,661
NICK	3,590	256	7.13%	1,109	9,100
ESTRADA	127,470	255	0.20%	1,110	238
CREEL	8,815	255	2.89%	1,111	4,028
WHITAKER	56,616	255	0.45%	1,112	596
CHESTER	15,066	255	1.69%	1,113	2,408
HUGGINS	22,371	255	1.14%	1,114	1,602
CLEMENT	23,830	255	1.07%	1,115	1,505
PITTS	49,740	254	0.51%	1,116	693
GAINES	43,821	254	0.58%	1,117	788
ROBISON	25,450	254	1.00%	1,118	1,392
BLACKSMITH	732	254	34.70%	1,119	31,587
DELGADO	132,985	253	0.19%	1,120	221
GROSS	74,503	253	0.34%	1,121	440
BENDER	39,551	253	0.64%	1,122	881
NEWELL	32,909	253	0.77%	1,123	1,064
BLACKBIRD	475	253	53.26%	1,124	45,105
BATTIEST	435	253	58.16%	1,125	48,530
BELONE	305	252	82.62%	1,126	65,066
MAYNARD	36,460	252	0.69%	1,127	953
LANSING	3,770	252	6.68%	1,128	8,706
WIND	2,308	252	10.92%	1,129	13,233
GUZMAN	167,044	251	0.15%	1,130	154
TITUS	15,780	251	1.59%	1,131	2,314
EPPS	20,112	251	1.25%	1,132	1,784
TIPTON	25,064	251	1.00%	1,133	1,420
ZIMMERMAN	83,265	250	0.30%	1,134	379
GANN	12,972	250	1.93%	1,135	2,780
HURST	46,244	250	0.54%	1,136	749
WOODWARD	36,764	250	0.68%	1,137	944
JARAMILLO	36,755	250	0.68%	1,138	945
HENDRIX	35,194	250	0.71%	1,139	991
CAMP	29,753	250	0.84%	1,140	1,189
BEYALE	264	250	94.70%	1,141	73,464
LARA	83,067	249	0.30%	1,142	381
MCMILLIAN	11,765	249	2.12%	1,143	3,043
GLEASON	25,416	249	0.98%	1,144	1,395
STUMP	14,257	248	1.74%	1,145	2,539
HOLDER	33,465	248	0.74%	1,146	1,040
HERBERT	26,417	248	0.94%	1,147	1,334
DESJARLAIS	1,188	248	20.88%	1,148	21,868
LEFTHAND	281	248	88.26%	1,149	69,793
HUMMINGBIRD	337	248	73.59%	1,150	59,901
TEEHEE	369	248	67.21%	1,151	55,619
JIMMY	518	247	47.68%	1,152	41,959
BAUER	65,004	247	0.38%	1,153	517
HURLEY	39,796	247	0.62%	1,154	870
COMPTON	35,830	247	0.69%	1,155	971
GREENWOOD	24,971	247	0.99%	1,156	1,422
PHILLIP	6,857	247	3.60%	1,157	5,108
JOAQUIN	3,559	247	6.94%	1,158	9,172
KEAMS	268	247	92.16%	1,159	72,568
CAYADITTO	252	247	98.02%	1,160	76,275
QUAM	2,568	246	9.58%	1,161	12,132
PENN	19,409	246	1.27%	1,162	1,849
DONAHUE	31,563	246	0.78%	1,163	1,112
MACKEY	30,749	246	0.80%	1,164	1,143
HOGUE	16,457	245	1.49%	1,165	2,213
MCCLELLAN	26,060	245	0.94%	1,166	1,356
ATENCIO	4,456	245	5.50%	1,167	7,477
CRITTENDEN	6,411	245	3.82%	1,168	5,432
HASKIE	256	245	95.70%	1,169	75,317
FLUTE	390	244	62.56%	1,170	53,072
CARL	11,689	244	2.09%	1,171	3,071
CANDELARIA	8,483	244	2.88%	1,172	4,176
ELLISON	42,827	244	0.57%	1,173	809
SLATER	32,584	244	0.75%	1,174	1,075
CHAMBERLAIN	28,727	244	0.85%	1,175	1,231
FRANKS	30,155	244	0.81%	1,176	1,165
WILLARD	21,352	243	1.14%	1,177	1,690
HOLMAN	32,788	243	0.74%	1,178	1,069
WALSH	105,079	242	0.23%	1,179	295
BRADSHAW	42,465	242	0.57%	1,180	818
IVEY	23,263	242	1.04%	1,181	1,546
DAILEY	32,719	242	0.74%	1,182	1,072
FARRIS	29,877	242	0.81%	1,183	1,179
ODELL	31,349	241	0.77%	1,184	1,117
SHAFFER	59,943	240	0.40%	1,185	560
TREVINO	59,882	240	0.40%	1,186	562
SANDS	18,584	240	1.29%	1,187	1,944
SANFORD	36,312	240	0.66%	1,188	957
SPRINGER	31,643	240	0.76%	1,189	1,107
WITT	31,575	240	0.76%	1,190	1,110
HUFFMAN	50,786	239	0.47%	1,191	674
MCCALL	43,483	239	0.55%	1,192	794
REECE	24,145	239	0.99%	1,193	1,479
JACOB	24,688	239	0.97%	1,194	1,444
NIETO	25,701	239	0.93%	1,195	1,376
KANE	50,584	238	0.47%	1,196	680
KETCHUM	8,407	238	2.83%	1,197	4,213
MORSE	41,774	238	0.57%	1,198	824
MURDOCK	19,873	238	1.20%	1,199	1,804
LAFOUNTAIN	3,639	238	6.54%	1,200	8,990
COURNOYER	2,496	238	9.54%	1,201	12,444
LITTLEWOLF	291	238	81.79%	1,202	67,747
YOUNGBEAR	276	237	85.87%	1,203	70,833
HARLAN	11,339	237	2.09%	1,204	3,188
JACOBSON	44,808	237	0.53%	1,205	767
LOVELL	21,171	237	1.12%	1,206	1,700
METCALF	23,946	237	0.99%	1,207	1,494
CORN	6,528	237	3.63%	1,208	5,335
POOLE	56,226	236	0.42%	1,209	604
MCCLAIN	48,165	236	0.49%	1,210	722
CONRAD	40,707	236	0.58%	1,211	848
CLEMENTS	38,044	236	0.62%	1,212	908
GIVENS	25,067	236	0.94%	1,213	1,419
DEMPSEY	26,863	236	0.88%	1,214	1,308
TSINNIE	242	236	97.52%	1,215	78,821
DEWEY	12,249	235	1.92%	1,216	2,926
CRANE	37,870	235	0.62%	1,217	916
HASTINGS	28,015	235	0.84%	1,218	1,253
RAINWATER	7,111	235	3.30%	1,219	4,949
LEMIEUX	7,567	234	3.09%	1,220	4,689
FITZGERALD	75,356	234	0.31%	1,221	430
DURANT	12,428	234	1.88%	1,222	2,889
LEDFORD	18,532	234	1.26%	1,223	1,946
GAY	32,025	234	0.73%	1,224	1,094
ALFORD	30,771	234	0.76%	1,225	1,140
WADSWORTH	9,912	233	2.35%	1,226	3,588
IRWIN	34,297	233	0.68%	1,227	1,019
CLAIRMONT	1,401	233	16.63%	1,228	19,321
METOXEN	380	233	61.32%	1,229	54,296
LIGHTFOOT	8,634	232	2.69%	1,230	4,109
MOONEY	33,555	232	0.69%	1,231	1,033
FRAGUA	287	232	80.84%	1,232	68,547
REDBEAR	280	231	82.50%	1,233	69,996
MALDONADO	121,526	231	0.19%	1,234	249
JULIAN	15,520	231	1.49%	1,235	2,349
MILLIGAN	22,416	231	1.03%	1,236	1,597
HATCHER	29,235	231	0.79%	1,237	1,210
NAVARRO	99,807	230	0.23%	1,238	315
AYERS	39,623	230	0.58%	1,239	875
MCKINLEY	24,000	230	0.96%	1,240	1,489
WILDER	31,018	230	0.74%	1,241	1,131
BLACKHORSE	252	230	91.27%	1,242	76,275
WALKINGEAGLE	240	230	95.83%	1,243	79,338
WHITEROCK	260	229	88.08%	1,244	74,375
SKEET	379	229	60.42%	1,245	54,418
TRAVERSIE	304	229	75.33%	1,246	65,244
BERG	48,746	229	0.47%	1,247	712
HEAD	27,292	229	0.84%	1,248	1,285
ABRAHAM	31,303	229	0.73%	1,249	1,120
BRITTON	29,040	229	0.79%	1,250	1,217
VICENTE	10,789	228	2.11%	1,251	3,326
LOVEJOY	8,351	228	2.73%	1,252	4,249
BEST	37,923	228	0.60%	1,253	911
MCLEOD	30,769	228	0.74%	1,254	1,141
TROTTIER	2,262	228	10.08%	1,255	13,462
BITSILLY	237	228	96.20%	1,256	80,131
MCFARLAND	41,300	227	0.55%	1,257	835
HEBERT	41,275	227	0.55%	1,258	836
HANNA	39,890	227	0.57%	1,259	867
SHERWOOD	21,384	227	1.06%	1,260	1,685
JUSTICE	32,480	227	0.70%	1,261	1,077
MAYS	40,408	226	0.56%	1,262	854
WORKMAN	31,856	226	0.71%	1,263	1,097
GARFIELD	4,447	226	5.08%	1,264	7,492
LAMONT	6,845	226	3.30%	1,265	5,114
ETHELBAH	244	226	92.62%	1,266	78,316
LITTLEMAN	287	225	78.40%	1,267	68,547
CALHOUN	43,180	225	0.52%	1,268	803
BRANT	10,886	224	2.06%	1,269	3,301
AVILA	97,314	224	0.23%	1,270	318
DALLAS	9,418	224	2.38%	1,271	3,761
MCCARTHY	82,950	224	0.27%	1,272	384
FRANCO	69,943	224	0.32%	1,273	476
PEASE	12,937	224	1.73%	1,274	2,790
SINGLETON	54,621	224	0.41%	1,275	622
SAYERS	7,705	224	2.91%	1,276	4,603
DOWNS	33,922	224	0.66%	1,277	1,025
LAROCQUE	3,032	224	7.39%	1,278	10,572
TINKER	6,291	224	3.56%	1,279	5,525
CHIEF	252	224	88.89%	1,280	76,275
POSEY	20,263	223	1.10%	1,281	1,773
GALLOWAY	34,909	223	0.64%	1,282	1,002
SWIFT	24,249	223	0.92%	1,283	1,473
TEAGUE	24,514	223	0.91%	1,284	1,456
DOTSON	33,347	223	0.67%	1,285	1,045
FLOOD	17,053	222	1.30%	1,286	2,125
LECLAIR	8,162	222	2.72%	1,287	4,351
STREET	19,866	222	1.12%	1,288	1,805
BAIRD	34,721	222	0.64%	1,289	1,010
CRABTREE	26,104	222	0.85%	1,290	1,354
PAQUIN	4,064	222	5.46%	1,291	8,159
MARTINE	2,227	222	9.97%	1,292	13,603
LAFFERTY	10,373	221	2.13%	1,293	3,443
SORRELL	8,641	221	2.56%	1,294	4,104
BURR	15,703	221	1.41%	1,295	2,323
BUCKNER	24,822	221	0.89%	1,296	1,434
DOWNEY	26,627	221	0.83%	1,297	1,320
GODFREY	28,734	221	0.77%	1,298	1,230
REDFOX	285	221	77.54%	1,299	68,949
LORETTO	576	221	38.37%	1,300	38,439
MCPHERSON	36,125	220	0.61%	1,301	965
ELDRIDGE	25,299	220	0.87%	1,302	1,402
BOGGS	27,880	220	0.79%	1,303	1,262
LASLEY	4,306	220	5.11%	1,304	7,710
YELLOW	264	220	83.33%	1,305	73,464
WASSILLIE	234	220	94.02%	1,306	80,926
ALTAHA	240	219	91.25%	1,307	79,338
LOCUST	612	219	35.78%	1,308	36,525
GACHUPIN	363	219	60.33%	1,309	56,310
YAHOLA	289	219	75.78%	1,310	68,122
CONDON	13,109	219	1.67%	1,311	2,752
FAULKNER	36,466	219	0.60%	1,312	952
WOOTEN	31,249	219	0.70%	1,313	1,123
DICKERSON	51,889	218	0.42%	1,314	659
GUIDRY	20,600	218	1.06%	1,315	1,739
BRANCH	35,225	218	0.62%	1,316	990
LOCKE	27,643	218	0.79%	1,317	1,272
BENALLIE	229	218	95.20%	1,318	82,317
WOFFORD	8,856	217	2.45%	1,319	4,011
PENNINGTON	40,854	217	0.53%	1,320	846
GOODE	22,356	217	0.97%	1,321	1,605
STOVER	24,526	216	0.88%	1,322	1,455
HOLCOMB	28,852	216	0.75%	1,323	1,227
BRANHAM	13,872	215	1.55%	1,324	2,599
STACY	19,010	215	1.13%	1,325	1,891
HORNE	37,689	215	0.57%	1,326	921
CUMMINS	20,705	215	1.04%	1,327	1,731
SNIDER	32,148	215	0.67%	1,328	1,088
WILBER	6,155	215	3.49%	1,329	5,642
CREE	1,670	215	12.87%	1,330	17,014
GREYEYES	240	215	89.58%	1,331	79,338
GUARDIPEE	278	215	77.34%	1,332	70,403
REDEAGLE	253	214	84.58%	1,333	76,029
ANTOINE	9,493	214	2.25%	1,334	3,734
MEADOWS	44,500	214	0.48%	1,335	773
MULLEN	37,502	214	0.57%	1,336	928
BILLINGS	22,553	214	0.95%	1,337	1,588
RIVAS	76,205	213	0.28%	1,338	426
BOLIN	12,962	213	1.64%	1,339	2,783
CHEEK	16,020	213	1.33%	1,340	2,273
ARMIJO	8,372	213	2.54%	1,341	4,232
PETTIT	19,004	213	1.12%	1,342	1,892
SHERIDAN	22,177	213	0.96%	1,343	1,623
RACINE	4,836	213	4.40%	1,344	6,933
SMALLCANYON	225	213	94.67%	1,345	83,541
GOODLUCK	441	213	48.30%	1,346	47,966
TORIVIO	347	213	61.38%	1,347	58,481
CAGLE	17,647	212	1.20%	1,348	2,039
STUART	36,540	212	0.58%	1,349	951
STANTON	35,997	212	0.59%	1,350	968
TAPIA	52,651	211	0.40%	1,351	647
BENEDICT	17,036	211	1.24%	1,352	2,130
THOMASON	20,478	211	1.03%	1,353	1,751
PEARCE	31,060	211	0.68%	1,354	1,129
PRIMEAUX	2,148	211	9.82%	1,355	14,025
MATUS	3,952	211	5.34%	1,356	8,375
PINE	6,592	211	3.20%	1,357	5,284
BLAINE	6,451	211	3.27%	1,358	5,397
DRAPEAU	1,408	211	14.99%	1,359	19,257
DEERE	1,930	211	10.93%	1,360	15,238
POURIER	283	211	74.56%	1,361	69,392
REDCLOUD	272	210	77.21%	1,362	71,678
CHEROMIAH	242	210	86.78%	1,363	78,821
MORSETTE	321	210	65.42%	1,364	62,359
DECORAH	312	210	67.31%	1,365	63,873
GENE	489	210	42.94%	1,366	44,034
STEVE	1,891	210	11.11%	1,367	15,483
GALLAGHER	69,834	210	0.30%	1,368	479
LUKE	18,425	210	1.14%	1,369	1,961
KEYS	18,899	210	1.11%	1,370	1,900
SAMUEL	23,125	210	0.91%	1,371	1,558
LANCASTER	32,362	210	0.65%	1,372	1,080
CORONADO	27,626	210	0.76%	1,373	1,274
DORSEY	43,631	209	0.48%	1,374	793
HAYS	34,191	209	0.61%	1,375	1,021
TARBELL	1,626	209	12.85%	1,376	17,367
ROAN	3,603	209	5.80%	1,377	9,073
THAYER	16,625	208	1.25%	1,378	2,186
PIPER	22,329	208	0.93%	1,379	1,607
NIX	24,786	208	0.84%	1,380	1,438
FREDERICKS	7,848	208	2.65%	1,381	4,515
BELIN	2,398	208	8.67%	1,382	12,837
LITTLEDOG	222	208	93.69%	1,383	84,463
WHITEFEATHER	254	207	81.50%	1,384	75,799
CLITSO	210	207	98.57%	1,385	88,336
DEGROAT	2,669	207	7.76%	1,386	11,739
LAPLANTE	7,195	207	2.88%	1,387	4,896
LAUGHLIN	16,323	207	1.27%	1,388	2,232
ADDISON	18,169	207	1.14%	1,389	1,986
REEDER	19,155	207	1.08%	1,390	1,874
JEFFRIES	23,510	207	0.88%	1,391	1,526
ALLERY	350	207	59.14%	1,392	58,042
EAGLEMAN	314	206	65.61%	1,393	63,524
SEALS	15,858	206	1.30%	1,394	2,299
MCCULLOUGH	45,852	206	0.45%	1,395	755
CHENEY	13,573	205	1.51%	1,396	2,655
GALVAN	53,822	205	0.38%	1,397	630
HARE	16,304	205	1.26%	1,398	2,236
GILLESPIE	42,693	205	0.48%	1,399	811
CONKLIN	23,846	205	0.86%	1,400	1,501
SILK	3,180	205	6.45%	1,401	10,140
LAROCHE	5,618	205	3.65%	1,402	6,104
DUPRIS	275	205	74.55%	1,403	71,042
DANFORTH	4,239	204	4.81%	1,404	7,810
PARISH	14,466	204	1.41%	1,405	2,498
SWEENEY	52,410	204	0.39%	1,406	651
POLLARD	35,749	204	0.57%	1,407	974
PAYTON	23,670	204	0.86%	1,408	1,515
GRIGGS	24,819	204	0.82%	1,409	1,437
SWAIN	25,157	204	0.81%	1,410	1,412
MCLEMORE	10,850	203	1.87%	1,411	3,306
HOPSON	12,180	203	1.67%	1,412	2,946
SALAS	65,468	203	0.31%	1,413	513
BARRON	52,070	203	0.39%	1,414	656
CLINTON	16,263	203	1.25%	1,415	2,242
PACE	39,879	203	0.51%	1,416	868
ODOM	35,020	203	0.58%	1,417	996
WOMACK	28,201	203	0.72%	1,418	1,245
DODD	30,732	203	0.66%	1,419	1,144
HAINES	29,462	203	0.69%	1,420	1,201
NOAH	5,332	203	3.81%	1,421	6,384
SMOKE	1,233	203	16.46%	1,422	21,260
CAMPOS	96,111	202	0.21%	1,423	323
WING	12,614	202	1.60%	1,424	2,858
VALENTINE	40,395	202	0.50%	1,425	856
GIPSON	19,470	202	1.04%	1,426	1,843
ELKINS	24,902	202	0.81%	1,427	1,426
HARDEN	26,617	202	0.76%	1,428	1,322
JAMISON	27,697	202	0.73%	1,429	1,270
STCLAIRE	941	202	21.47%	1,430	26,042
SPOTTEDBEAR	227	202	88.99%	1,431	82,908
STIFFARM	239	202	84.52%	1,432	79,598
SWIMMER	507	202	39.84%	1,433	42,720
SIXKILLER	456	201	44.08%	1,434	46,647
OLDMAN	370	201	54.32%	1,435	55,505
JAY	9,852	201	2.04%	1,436	3,604
MACDONALD	46,717	201	0.43%	1,437	744
COSAY	213	201	94.37%	1,438	87,335
CHOATE	11,372	200	1.76%	1,439	3,179
GATEWOOD	8,359	200	2.39%	1,440	4,242
SMALLWOOD	18,717	200	1.07%	1,441	1,926
PECK	40,055	200	0.50%	1,442	864
PETTIGREW	7,958	200	2.51%	1,443	4,458
DUKE	35,053	200	0.57%	1,444	995
MERCER	34,431	200	0.58%	1,445	1,016
BRIGHT	33,281	200	0.60%	1,446	1,050
HAIR	7,814	200	2.56%	1,447	4,539
CHIQUITO	958	200	20.88%	1,448	25,725
MENARD	11,543	199	1.72%	1,449	3,126
QUALLS	11,958	199	1.66%	1,450	2,999
SPENCE	36,129	199	0.55%	1,451	964
GOSS	26,179	199	0.76%	1,452	1,349
LUDLOW	3,856	199	5.16%	1,453	8,534
LEVI	7,500	199	2.65%	1,454	4,731
LAFROMBOISE	460	199	43.26%	1,455	46,314
ALONZO	20,367	198	0.97%	1,456	1,758
SHAH	58,287	198	0.34%	1,457	573
SECODY	206	198	96.12%	1,458	89,753
VICENTI	260	197	75.77%	1,459	74,375
REDELK	260	197	75.77%	1,460	74,375
STANDS	389	197	50.64%	1,461	53,204
CASH	29,476	197	0.67%	1,462	1,200
PINA	25,293	197	0.78%	1,463	1,403
GROVES	24,629	197	0.80%	1,464	1,447
HAMMONS	11,273	197	1.75%	1,465	3,206
SHAY	9,212	197	2.14%	1,466	3,843
APPLE	6,948	197	2.84%	1,467	5,050
LAUGHTER	1,937	197	10.17%	1,468	15,210
TYNER	6,819	196	2.87%	1,469	5,131
WELSH	30,153	196	0.65%	1,470	1,166
RUTLEDGE	26,887	196	0.73%	1,471	1,306
MIDDLETON	42,578	196	0.46%	1,472	813
BEATTY	25,510	196	0.77%	1,473	1,389
HELTON	25,118	196	0.78%	1,474	1,414
RITTER	33,252	196	0.59%	1,475	1,053
AMERICANHORSE	219	196	89.50%	1,476	85,357
GARDIPEE	515	196	38.06%	1,477	42,163
WALKINGSTICK	374	195	52.14%	1,478	54,990
ALLARD	10,047	195	1.94%	1,479	3,553
GILES	40,598	195	0.48%	1,480	849
BISSONETTE	1,409	195	13.84%	1,481	19,242
VANDEVER	1,169	195	16.68%	1,482	22,124
VERRET	2,199	195	8.87%	1,483	13,759
STANDINGBEAR	225	195	86.67%	1,484	83,541
BLUEBIRD	218	195	89.45%	1,485	85,659
HORSE	287	194	67.60%	1,486	68,547
TYSON	28,947	194	0.67%	1,487	1,221
LEAVITT	13,133	194	1.48%	1,488	2,743
JARVIS	35,350	194	0.55%	1,489	985
SINCLAIR	27,243	193	0.71%	1,490	1,290
BYERS	32,174	193	0.60%	1,491	1,087
POE	23,563	193	0.82%	1,492	1,522
VIVIER	724	193	26.66%	1,493	31,873
KINGFISHER	255	193	75.69%	1,494	75,564
BIGCROW	203	192	94.58%	1,495	90,853
TESSAY	206	192	93.20%	1,496	89,753
HYDE	29,094	192	0.66%	1,497	1,213
GAUTHIER	16,852	192	1.14%	1,498	2,153
SNEED	17,804	192	1.08%	1,499	2,027
HANLEY	19,240	192	1.00%	1,500	1,864
TATUM	24,558	192	0.78%	1,501	1,451
HARWOOD	11,238	192	1.71%	1,502	3,212
EUBANKS	20,424	192	0.94%	1,503	1,755
MCNEIL	34,368	192	0.56%	1,504	1,018
BOB	1,412	192	13.60%	1,505	19,223
DIVER	1,382	191	13.82%	1,506	19,538
BRUNO	30,883	191	0.62%	1,507	1,135
OAKES	17,499	191	1.09%	1,508	2,065
KEENE	17,711	191	1.08%	1,509	2,032
MESSER	20,306	191	0.94%	1,510	1,769
ERWIN	22,496	191	0.85%	1,511	1,594
TABAHA	200	191	95.50%	1,512	91,981
MCGESHICK	244	191	78.28%	1,513	78,316
APACHE	246	191	77.64%	1,514	77,788
BATTISE	406	190	46.80%	1,515	51,281
DUFFY	38,835	190	0.49%	1,516	892
BUZZARD	3,287	190	5.78%	1,517	9,845
DION	8,395	189	2.25%	1,518	4,225
DILLARD	31,021	189	0.61%	1,519	1,130
DYE	28,182	189	0.67%	1,520	1,246
MCINTYRE	43,842	189	0.43%	1,521	786
MCCORD	17,875	189	1.06%	1,522	2,019
COUCH	26,615	189	0.71%	1,523	1,323
GOMES	24,827	189	0.76%	1,524	1,433
SCHWARTZ	90,071	189	0.21%	1,525	345
ANTELOPE	211	189	89.57%	1,526	88,020
WHITEBIRD	272	188	69.12%	1,527	71,678
LITTLEBEAR	268	188	70.15%	1,528	72,568
TILLEY	15,758	188	1.19%	1,529	2,318
ROCHA	55,251	188	0.34%	1,530	613
COURTNEY	27,205	188	0.69%	1,531	1,294
PEMBERTON	11,272	188	1.67%	1,532	3,207
TOLBERT	24,375	188	0.77%	1,533	1,464
STILL	12,354	188	1.52%	1,534	2,904
LAY	18,468	187	1.01%	1,535	1,957
THURMAN	23,950	187	0.78%	1,536	1,492
KLEIN	81,471	187	0.23%	1,537	392
DAW	2,670	187	7.00%	1,538	11,736
PITKA	274	187	68.25%	1,539	71,265
CHASINGHAWK	200	187	93.50%	1,540	91,981
OLANNA	197	186	94.42%	1,541	93,125
SPOONHUNTER	208	186	89.42%	1,542	89,069
FUNMAKER	224	186	83.04%	1,543	83,834
YOUNGMAN	2,802	186	6.64%	1,544	11,275
PARNELL	14,560	186	1.28%	1,545	2,475
COUNTS	9,713	186	1.91%	1,546	3,664
SUMNER	18,838	186	0.99%	1,547	1,909
TACKETT	19,737	186	0.94%	1,548	1,818
YARBROUGH	24,749	186	0.75%	1,549	1,441
LAROSE	7,552	186	2.46%	1,550	4,697
DOCTOR	3,465	186	5.37%	1,551	9,384
SHANNON	46,147	185	0.40%	1,552	752
CHANCE	14,256	185	1.30%	1,553	2,540
CARVER	32,415	185	0.57%	1,554	1,079
GILLIS	18,834	185	0.98%	1,555	1,910
BENTLEY	40,193	185	0.46%	1,556	862
AYALA	92,463	185	0.20%	1,557	333
BRINK	11,982	185	1.54%	1,558	2,989
TRAVIS	34,985	185	0.53%	1,559	998
PAINTER	21,969	185	0.84%	1,560	1,641
BRANDON	26,284	184	0.70%	1,561	1,342
KNAPP	41,771	184	0.44%	1,562	825
CHRISTIANSEN	19,340	184	0.95%	1,563	1,854
DELEON	87,414	184	0.21%	1,564	359
CHAMPAGNE	12,023	184	1.53%	1,565	2,982
MASTERS	23,533	184	0.78%	1,566	1,524
MARCHAND	6,610	184	2.78%	1,567	5,275
BIGHORSE	220	184	83.64%	1,568	85,049
KANUHO	192	184	95.83%	1,569	95,115
BIGEAGLE	215	183	85.12%	1,570	86,645
EDISON	4,015	183	4.56%	1,571	8,250
WHITEHOUSE	6,258	183	2.92%	1,572	5,555
JIRON	2,494	183	7.34%	1,573	12,447
HUDDLESTON	17,231	183	1.06%	1,574	2,102
MONTANO	27,276	183	0.67%	1,575	1,286
LOFTON	13,900	183	1.32%	1,576	2,590
STPIERRE	9,638	183	1.90%	1,577	3,685
WESTBROOK	20,284	183	0.90%	1,578	1,770
MAYFIELD	29,805	182	0.61%	1,579	1,184
WHITING	16,418	182	1.11%	1,580	2,221
GADDY	8,342	182	2.18%	1,581	4,251
CATES	18,190	182	1.00%	1,582	1,984
DILL	18,215	182	1.00%	1,583	1,980
COWAN	32,586	182	0.56%	1,584	1,074
GORE	25,648	182	0.71%	1,585	1,378
TIDWELL	21,176	182	0.86%	1,586	1,699
SIERRA	35,770	182	0.51%	1,587	973
LAROQUE	830	182	21.93%	1,588	28,704
BLACKGOAT	197	182	92.39%	1,589	93,125
KELSEY	14,456	181	1.25%	1,590	2,501
PRYOR	27,805	181	0.65%	1,591	1,263
KEENER	13,687	181	1.32%	1,592	2,633
CLIFTON	24,758	181	0.73%	1,593	1,439
WINN	22,316	181	0.81%	1,594	1,611
STGERMAINE	759	181	23.85%	1,595	30,701
SPANG	1,570	181	11.53%	1,596	17,823
MOUSE	566	181	31.98%	1,597	38,948
LAZORE	326	180	55.21%	1,598	61,585
TWOCROW	202	180	89.11%	1,599	91,221
BLUEEYES	199	180	90.45%	1,600	92,358
GISHIE	185	180	97.30%	1,601	98,099
BARTLEY	16,689	180	1.08%	1,602	2,175
GRACE	28,098	180	0.64%	1,603	1,248
COFFMAN	24,980	180	0.72%	1,604	1,421
HOLLIDAY	20,491	180	0.88%	1,605	1,748
BLALOCK	11,493	180	1.57%	1,606	3,145
DIONNE	6,788	180	2.65%	1,607	5,153
ESQUIBEL	5,187	179	3.45%	1,608	6,532
HAYWARD	15,665	179	1.14%	1,609	2,327
COVINGTON	27,068	179	0.66%	1,610	1,298
BURNSIDE	8,859	179	2.02%	1,611	4,009
DEER	2,888	179	6.20%	1,612	11,013
CADMAN	1,131	179	15.83%	1,613	22,673
LENTE	336	179	53.27%	1,614	60,045
COWBOY	195	179	91.79%	1,615	93,921
IRONCLOUD	202	179	88.61%	1,616	91,221
TRUAX	5,968	178	2.98%	1,617	5,799
HEWITT	29,694	178	0.60%	1,618	1,191
EASLEY	16,459	178	1.08%	1,619	2,212
GRAYSON	16,946	178	1.05%	1,620	2,138
EDDY	19,321	178	0.92%	1,621	1,858
SWEAT	9,194	178	1.94%	1,622	3,856
HESTER	35,642	178	0.50%	1,623	976
RATLIFF	30,083	177	0.59%	1,624	1,168
BAIN	17,371	177	1.02%	1,625	2,082
MACE	12,222	177	1.45%	1,626	2,933
WALLER	36,805	177	0.48%	1,627	942
HUNTINGTON	7,306	177	2.42%	1,628	4,831
DRY	2,379	177	7.44%	1,629	12,921
LEFLORE	2,884	176	6.10%	1,630	11,026
IGNACIO	6,219	176	2.83%	1,631	5,594
LINDSAY	33,255	176	0.53%	1,632	1,052
EDMONDS	24,857	176	0.71%	1,633	1,432
CROMWELL	8,087	176	2.18%	1,634	4,397
SPRAGUE	22,610	176	0.78%	1,635	1,584
LIND	14,990	175	1.17%	1,636	2,416
BARRY	47,274	175	0.37%	1,637	738
CRAIN	17,650	175	0.99%	1,638	2,038
LACKEY	18,082	175	0.97%	1,639	1,996
FOLSOM	7,598	175	2.30%	1,640	4,667
NIELSEN	42,773	175	0.41%	1,641	810
PRESLEY	18,384	175	0.95%	1,642	1,968
VAUGHAN	38,830	175	0.45%	1,643	893
PIGEON	1,661	175	10.54%	1,644	17,087
VANWINKLE	7,811	174	2.23%	1,645	4,541
AHMED	48,319	174	0.36%	1,646	720
MOBLEY	29,065	174	0.60%	1,647	1,215
RITCHIE	29,040	174	0.60%	1,648	1,217
GARLAND	26,779	174	0.65%	1,649	1,309
DOBBS	18,476	174	0.94%	1,650	1,956
BINGHAM	25,941	174	0.67%	1,651	1,360
HERRING	38,733	174	0.45%	1,652	894
RICHMOND	37,053	174	0.47%	1,653	934
PETTY	34,882	174	0.50%	1,654	1,005
SOAP	248	174	70.16%	1,655	77,264
PAPPAN	475	174	36.63%	1,656	45,105
LUNSFORD	16,962	173	1.02%	1,657	2,137
CLEMONS	27,022	173	0.64%	1,658	1,300
ENRIQUEZ	41,271	173	0.42%	1,659	837
LAFONTAINE	3,652	173	4.74%	1,660	8,964
DENTON	27,742	172	0.62%	1,661	1,268
PACK	18,678	172	0.92%	1,662	1,932
LITTLELIGHT	185	172	92.97%	1,663	98,099
ERIACHO	179	172	96.09%	1,664	100,791
WHITEHAT	180	172	95.56%	1,665	100,302
SHIJE	187	171	91.44%	1,666	97,210
YANKTON	221	171	77.38%	1,667	84,748
SOCKEY	244	171	70.08%	1,668	78,316
LAVERDURE	604	171	28.31%	1,669	36,970
SCHAEFFER	16,024	171	1.07%	1,670	2,272
SANTIAGO	122,212	171	0.14%	1,671	248
LORENZO	17,825	171	0.96%	1,672	2,024
DELONG	17,844	171	0.96%	1,673	2,022
PARK	106,696	171	0.16%	1,674	289
THORNE	18,738	171	0.91%	1,675	1,922
BOLTON	32,815	171	0.52%	1,676	1,068
PICARD	7,898	171	2.17%	1,677	4,491
GOODRICH	19,487	171	0.88%	1,678	1,838
SIZEMORE	20,116	171	0.85%	1,679	1,783
RIDLEY	11,521	171	1.48%	1,680	3,133
MOUNTAIN	3,274	171	5.22%	1,681	9,877
LOTT	26,174	170	0.65%	1,682	1,350
OTT	25,738	170	0.66%	1,683	1,373
PUGH	39,559	170	0.43%	1,684	879
HORNER	23,881	170	0.71%	1,685	1,500
MADDOX	36,250	170	0.47%	1,686	959
LILLY	22,662	170	0.75%	1,687	1,580
QUIVER	200	170	85.00%	1,688	91,981
NINHAM	233	170	72.96%	1,689	81,181
DEMARRIAS	209	169	80.86%	1,690	88,685
LITTLETHUNDER	194	169	87.11%	1,691	94,311
KENDALL	31,209	169	0.54%	1,692	1,126
ROTH	58,278	169	0.29%	1,693	574
HOBSON	17,043	169	0.99%	1,694	2,128
BAUTISTA	60,264	169	0.28%	1,695	558
ANDRADE	65,037	169	0.26%	1,696	516
KIDD	33,186	169	0.51%	1,697	1,060
MAYES	25,256	169	0.67%	1,698	1,408
MAIN	12,776	169	1.32%	1,699	2,824
PEACOCK	21,712	169	0.78%	1,700	1,659
ROLLINS	35,132	169	0.48%	1,701	992
GOINGS	3,741	169	4.52%	1,702	8,765
SHOEMAKE	4,205	169	4.02%	1,703	7,870
TOWNE	6,666	169	2.54%	1,704	5,231
MONTANA	4,744	168	3.54%	1,705	7,054
HILTON	28,918	168	0.58%	1,706	1,223
KNOWLES	28,460	168	0.59%	1,707	1,239
SIMMS	26,287	168	0.64%	1,708	1,340
ACKERMAN	25,401	168	0.66%	1,709	1,398
CROWDER	24,396	168	0.69%	1,710	1,460
HATFIELD	34,381	168	0.49%	1,711	1,017
FORREST	22,954	168	0.73%	1,712	1,569
SHORTMAN	334	168	50.30%	1,713	60,347
BRAVE	580	167	28.79%	1,714	38,214
CLAYMORE	269	167	62.08%	1,715	72,332
CARLOS	15,462	167	1.08%	1,716	2,357
AKERS	25,290	167	0.66%	1,717	1,405
SEATON	9,423	167	1.77%	1,718	3,759
RODRIQUEZ	22,892	167	0.73%	1,719	1,572
EBARB	1,307	167	12.78%	1,720	20,336
LECLAIRE	2,778	167	6.01%	1,721	11,355
CHICO	3,308	166	5.02%	1,722	9,788
SKIDMORE	10,841	166	1.53%	1,723	3,310
LACY	23,110	166	0.72%	1,724	1,559
FLETT	894	166	18.57%	1,725	27,081
JUNE	4,091	166	4.06%	1,726	8,103
NAIL	7,133	166	2.33%	1,727	4,936
RUNNINGCRANE	178	166	93.26%	1,728	101,247
LAUGHING	180	166	92.22%	1,729	100,302
BLACKWOLF	212	166	78.30%	1,730	87,663
MCCOVEY	259	165	63.71%	1,731	74,608
SPOTTEDELK	184	165	89.67%	1,732	98,553
BLACKHAWK	281	165	58.72%	1,733	69,793
NOEL	31,768	165	0.52%	1,734	1,103
WORLEY	25,758	165	0.64%	1,735	1,370
HAYDEN	37,451	165	0.44%	1,736	930
TWISS	1,637	165	10.08%	1,737	17,290
BLOSSOM	1,852	165	8.91%	1,738	15,743
VILLA	52,817	164	0.31%	1,739	644
MATA	48,120	164	0.34%	1,740	724
ISAACS	14,951	164	1.10%	1,741	2,422
MCGILL	27,330	164	0.60%	1,742	1,282
MICHEL	25,578	164	0.64%	1,743	1,383
VELARDE	8,135	164	2.02%	1,744	4,371
POST	23,458	164	0.70%	1,745	1,530
CARTWRIGHT	22,156	164	0.74%	1,746	1,626
SUNDAY	3,567	164	4.60%	1,747	9,147
DUBOISE	832	164	19.71%	1,748	28,650
POYER	946	164	17.34%	1,749	25,954
BRUGUIER	218	164	75.23%	1,750	85,659
SKEETS	229	164	71.62%	1,751	82,317
CHOSA	259	164	63.32%	1,752	74,608
PUCKETT	27,627	163	0.59%	1,753	1,273
SHELL	13,369	163	1.22%	1,754	2,696
JUAREZ	101,949	163	0.16%	1,755	306
MCGOWAN	33,340	163	0.49%	1,756	1,046
CARLISLE	20,365	163	0.80%	1,757	1,763
MADDEN	35,438	163	0.46%	1,758	982
KIPP	5,978	163	2.73%	1,759	5,788
GOBERT	1,827	162	8.87%	1,760	15,907
GILLIAM	29,414	162	0.55%	1,761	1,204
LEROY	7,759	162	2.09%	1,762	4,571
PROVOST	8,742	162	1.85%	1,763	4,062
CAPPS	18,194	162	0.89%	1,764	1,983
FITZPATRICK	40,449	162	0.40%	1,765	852
HYATT	19,280	162	0.84%	1,766	1,863
GRIGSBY	11,501	162	1.41%	1,767	3,141
EDMO	199	162	81.41%	1,768	92,358
DUMARCE	200	161	80.50%	1,769	91,981
KEPLIN	220	161	73.18%	1,770	85,049
LINTON	14,354	161	1.12%	1,771	2,524
GROVER	17,534	161	0.92%	1,772	2,056
VILLANUEVA	61,883	161	0.26%	1,773	539
ABEL	18,464	161	0.87%	1,774	1,958
RHOADES	18,508	161	0.87%	1,775	1,949
HUTCHISON	24,820	161	0.65%	1,776	1,436
PARRIS	12,710	161	1.27%	1,777	2,839
NANCE	24,018	161	0.67%	1,778	1,487
HEALY	21,751	161	0.74%	1,779	1,654
MCALLISTER	29,544	160	0.54%	1,780	1,197
CALVERT	17,619	160	0.91%	1,781	2,043
ZAMORA	61,729	160	0.26%	1,782	540
JAMESON	13,255	160	1.21%	1,783	2,715
KRAMER	63,936	160	0.25%	1,784	526
SHIPLEY	19,563	160	0.82%	1,785	1,831
GOAD	9,062	160	1.77%	1,786	3,920
MCKNIGHT	34,055	160	0.47%	1,787	1,023
HURT	21,037	160	0.76%	1,788	1,708
STILES	21,357	160	0.75%	1,789	1,689
DAVISON	22,276	160	0.72%	1,790	1,617
LARVIE	216	160	74.07%	1,791	86,314
WHITEBULL	179	160	89.39%	1,792	100,791
KINSEY	16,102	159	0.99%	1,793	2,258
OGLE	14,354	159	1.11%	1,794	2,524
ALDRICH	17,509	159	0.91%	1,795	2,060
TRIPP	20,434	159	0.78%	1,796	1,753
HOYT	21,169	159	0.75%	1,797	1,701
AGUIRRE	79,517	159	0.20%	1,798	401
REYNA	35,291	159	0.45%	1,799	987
MEAD	22,727	159	0.70%	1,800	1,578
CYPRESS	900	159	17.67%	1,801	26,949
VANDUNK	820	159	19.39%	1,802	28,967
CONNOR	29,346	158	0.54%	1,803	1,207
DEWITT	26,348	158	0.60%	1,804	1,338
EPPERSON	12,884	158	1.23%	1,805	2,798
BASSETT	20,482	158	0.77%	1,806	1,750
ROSALES	75,185	158	0.21%	1,807	431
KILGORE	21,627	158	0.73%	1,808	1,667
RAINEY	23,291	158	0.68%	1,809	1,545
ALEX	5,476	158	2.89%	1,810	6,242
LABARGE	3,270	158	4.83%	1,811	9,890
HERNE	592	158	26.69%	1,812	37,591
REANO	548	158	28.83%	1,813	40,016
CHINANA	173	158	91.33%	1,814	103,655
WHITEPLUME	167	158	94.61%	1,815	106,570
WAUPOOSE	186	158	84.95%	1,816	97,671
BEDONI	175	157	89.71%	1,817	102,688
HOLLEY	30,231	157	0.52%	1,818	1,163
KIRKLAND	30,283	157	0.52%	1,819	1,161
MCCLOSKEY	10,756	157	1.46%	1,820	3,336
SYLVESTER	18,896	157	0.83%	1,821	1,901
RAGSDALE	12,227	157	1.28%	1,822	2,932
DREW	23,722	157	0.66%	1,823	1,513
RAVE	852	157	18.43%	1,824	28,100
KAMEROFF	173	157	90.75%	1,825	103,655
MERCULIEF	181	156	86.19%	1,826	99,845
FOURKILLER	195	156	80.00%	1,827	93,921
GOUGE	2,837	156	5.50%	1,828	11,156
TERRANCE	699	156	22.32%	1,829	32,834
HAZARD	4,054	156	3.85%	1,830	8,176
WHITFORD	4,793	156	3.25%	1,831	6,989
TIBBETTS	6,538	156	2.39%	1,832	5,327
FOLEY	51,865	156	0.30%	1,833	661
BURROWS	17,355	156	0.90%	1,834	2,085
STEIN	43,389	156	0.36%	1,835	796
DICKENS	18,123	156	0.86%	1,836	1,990
COPE	18,410	156	0.85%	1,837	1,964
WEBBER	26,405	156	0.59%	1,838	1,335
QUEEN	18,557	156	0.84%	1,839	1,945
KUMAR	25,986	156	0.60%	1,840	1,357
MANLEY	25,136	156	0.62%	1,841	1,413
FORBES	33,813	156	0.46%	1,842	1,028
PANTHER	1,300	156	12.00%	1,843	20,434
DEDMAN	1,238	155	12.52%	1,844	21,204
RUDD	14,732	155	1.05%	1,845	2,451
SALGADO	45,469	155	0.34%	1,846	759
AMBROSE	17,178	155	0.90%	1,847	2,107
ELLSWORTH	13,813	155	1.12%	1,848	2,611
WOODRUFF	26,286	155	0.59%	1,849	1,341
HUTCHINS	26,251	155	0.59%	1,850	1,344
INMAN	24,222	155	0.64%	1,851	1,474
CARDENAS	77,652	155	0.20%	1,852	418
THORPE	21,813	155	0.71%	1,853	1,651
LACROIX	8,003	155	1.94%	1,854	4,436
SPOTTEDHORSE	169	155	91.72%	1,855	105,600
DAYZIE	164	155	94.51%	1,856	108,199
GOODAY	210	155	73.81%	1,857	88,336
STATELY	268	155	57.84%	1,858	72,568
MANSON	7,663	154	2.01%	1,859	4,629
BEEBE	14,847	154	1.04%	1,860	2,441
KLINE	45,390	154	0.34%	1,861	761
NEEDHAM	10,983	154	1.40%	1,862	3,289
MUELLER	64,191	154	0.24%	1,863	523
LANDRY	39,391	154	0.39%	1,864	884
ROOT	20,284	154	0.76%	1,865	1,770
MATSON	12,320	154	1.25%	1,866	2,911
JEROME	9,131	154	1.69%	1,867	3,885
HAAS	34,918	154	0.44%	1,868	1,001
FUENTES	81,006	154	0.19%	1,869	394
HAND	22,006	154	0.70%	1,870	1,639
SALINAS	81,156	154	0.19%	1,871	393
BIGGS	22,641	154	0.68%	1,872	1,581
FRED	1,754	154	8.78%	1,873	16,407
FREEMONT	301	154	51.16%	1,874	65,782
STANDINGROCK	159	154	96.86%	1,875	110,825
LONEBEAR	173	154	89.02%	1,876	103,655
ARCOREN	168	153	91.07%	1,877	106,096
SPOTTEDEAGLE	164	153	93.29%	1,878	108,199
GANADONEGRO	158	153	96.84%	1,879	111,426
FALLIS	1,921	153	7.96%	1,880	15,284
HONEYCUTT	16,587	153	0.92%	1,881	2,192
JEWETT	8,330	153	1.84%	1,882	4,254
FRASER	25,961	153	0.59%	1,883	1,358
MADRID	25,854	153	0.59%	1,884	1,364
STROUD	24,211	153	0.63%	1,885	1,477
GAGNON	21,208	153	0.72%	1,886	1,697
RAINES	21,518	153	0.71%	1,887	1,676
DOOLEY	23,481	153	0.65%	1,888	1,527
DEMIENTIEFF	174	153	87.93%	1,889	103,181
MARACLE	399	153	38.35%	1,890	52,037
GOURD	506	152	30.04%	1,891	42,790
FREE	9,923	152	1.53%	1,892	3,586
PICKETT	31,611	152	0.48%	1,893	1,108
GOFF	32,298	152	0.47%	1,894	1,081
PRATER	19,484	152	0.78%	1,895	1,839
DENNEY	12,792	152	1.19%	1,896	2,821
SHEFFIELD	19,738	152	0.77%	1,897	1,817
ROPER	20,065	152	0.76%	1,898	1,787
SISK	12,365	152	1.23%	1,899	2,901
HURD	20,540	152	0.74%	1,900	1,743
MCCANN	35,408	152	0.43%	1,901	983
SANGSTER	2,702	152	5.63%	1,902	11,612
STALKER	3,452	152	4.40%	1,903	9,421
TROMBLEY	6,908	152	2.20%	1,904	5,074
BLANKS	6,229	152	2.44%	1,905	5,578
SUINA	179	152	84.92%	1,906	100,791
REDHORSE	182	152	83.52%	1,907	99,378
VALANDRA	230	152	66.09%	1,908	82,044
IRON	269	151	56.13%	1,909	72,332
COTTIER	550	151	27.45%	1,910	39,887
OSBURN	7,549	151	2.00%	1,911	4,699
WATT	15,211	151	0.99%	1,912	2,387
MEEK	14,970	151	1.01%	1,913	2,419
FINCH	30,769	151	0.49%	1,914	1,141
HERRON	26,559	151	0.57%	1,915	1,328
LITTLEFIELD	9,707	151	1.56%	1,916	3,670
AMMONS	8,904	151	1.70%	1,917	3,989
ROLAND	19,311	151	0.78%	1,918	1,860
LOONEY	12,910	151	1.17%	1,919	2,795
KAISER	33,480	151	0.45%	1,920	1,039
DUVALL	19,844	151	0.76%	1,921	1,811
CARMAN	11,302	151	1.34%	1,922	3,198
HELMS	23,949	151	0.63%	1,923	1,493
KINSEL	1,060	151	14.25%	1,924	23,837
CHARBONEAU	2,117	151	7.13%	1,925	14,184
NEPHEW	1,231	151	12.27%	1,926	21,288
TRIMBLE	16,306	150	0.92%	1,927	2,235
HERNDON	19,183	150	0.78%	1,928	1,871
DOBSON	19,419	150	0.77%	1,929	1,846
MOOSE	3,459	150	4.34%	1,930	9,399
CLYDE	3,658	150	4.10%	1,931	8,950
SILVAS	4,963	150	3.02%	1,932	6,798
WESAW	211	150	71.09%	1,933	88,020
GLADUE	530	150	28.30%	1,934	41,100
PICOTTE	594	150	25.25%	1,935	37,492
JUMBO	336	150	44.64%	1,936	60,045
PEACHES	365	149	40.82%	1,937	56,073
MIX	5,344	149	2.79%	1,938	6,370
CONN	15,089	149	0.99%	1,939	2,404
MORA	57,464	149	0.26%	1,940	583
BERGER	43,851	149	0.34%	1,941	785
GRADY	26,103	149	0.57%	1,942	1,355
COSTA	38,265	149	0.39%	1,943	904
MATLOCK	12,599	149	1.18%	1,944	2,861
OTERO	20,937	149	0.71%	1,945	1,716
POORBEAR	159	149	93.71%	1,946	110,825
LONEWOLF	189	149	78.84%	1,947	96,368
GODDARD	15,599	148	0.95%	1,948	2,335
COATS	15,943	148	0.93%	1,949	2,286
ONEIL	28,949	148	0.51%	1,950	1,220
FIGUEROA	98,468	148	0.15%	1,951	316
KAY	24,337	148	0.61%	1,952	1,467
CERVANTES	82,161	148	0.18%	1,953	387
SOLIS	82,146	148	0.18%	1,954	388
BUCKLES	4,623	148	3.20%	1,955	7,220
ROSETTA	549	148	26.96%	1,956	39,960
HEAVYRUNNER	161	148	91.93%	1,957	109,758
TALAYUMPTEWA	153	148	96.73%	1,958	114,424
KESSAY	165	147	89.09%	1,959	107,669
CRUTCHER	6,004	147	2.45%	1,960	5,769
PENDLETON	16,751	147	0.88%	1,961	2,168
BELCHER	28,321	147	0.52%	1,962	1,243
KEEL	8,682	147	1.69%	1,963	4,090
HEDRICK	18,804	147	0.78%	1,964	1,918
ROE	25,286	147	0.58%	1,965	1,406
BREWSTER	19,564	147	0.75%	1,966	1,830
RAINS	11,737	147	1.25%	1,967	3,055
KISTO	193	147	76.17%	1,968	94,730
OWLE	227	147	64.76%	1,969	82,908
WHITEHAWK	192	146	76.04%	1,970	95,115
PRATHER	15,860	146	0.92%	1,971	2,298
MEJIA	104,057	146	0.14%	1,972	300
ABRAMS	25,534	146	0.57%	1,973	1,387
ROMAN	72,918	146	0.20%	1,974	452
DONALDSON	36,558	146	0.40%	1,975	950
NORWOOD	22,461	146	0.65%	1,976	1,596
KOENIG	22,499	146	0.65%	1,977	1,592
WALLIS	11,594	146	1.26%	1,978	3,104
LORING	3,720	146	3.92%	1,979	8,802
BIBLE	4,700	146	3.11%	1,980	7,119
WHITEFACE	155	146	94.19%	1,981	113,155
DOSELA	149	146	97.99%	1,982	116,829
BIRDINGROUND	149	145	97.32%	1,983	116,829
WHITEEYES	165	145	87.88%	1,984	107,669
AYZE	156	145	92.95%	1,985	112,568
VANDIVER	6,263	145	2.32%	1,986	5,551
WILLOUGHBY	16,111	145	0.90%	1,987	2,257
WOODALL	16,260	145	0.89%	1,988	2,243
CHRISTOPHER	29,067	145	0.50%	1,989	1,214
ROUSSEAU	8,270	145	1.75%	1,990	4,297
WAITERS	19,853	145	0.73%	1,991	1,809
GUNTER	24,513	145	0.59%	1,992	1,457
STEWARD	22,318	145	0.65%	1,993	1,610
DUNHAM	22,362	145	0.65%	1,994	1,604
GOOD	35,446	145	0.41%	1,995	981
ANDERSEN	36,150	145	0.40%	1,996	963
ALDRIDGE	23,034	145	0.63%	1,997	1,562
CONCHA	1,947	145	7.45%	1,998	15,147
NOMEE	188	145	77.13%	1,999	96,799
MOQUINO	192	145	75.52%	2,000	95,115